698.62 3828
698.97 2379
699.32 3334
699.67 5619
700.02 3939
700.37 3589
700.72 3662
701.07 2312
701.42 3462
701.77 3731
702.12 1764
702.47 3222
702.82 2142
703.17 1098
703.52 3288
703.87 2566
704.22 2007
704.57 2862
704.93 2051
705.28 2691
705.63 5480
705.98 3338
706.33 3591
706.68 4786
707.03 4251
707.38 7369
707.73 8829
708.09 5863
708.44 5997
708.79 4941
709.14 3918
709.49 5410
709.85 3591
710.20 3311
710.55 4863
710.90 3855
711.25 4504
711.61 5830
711.96 4602
712.31 6150
712.67 8234
713.02 5600
713.37 7688
713.72 9446
714.08 5683
714.43 5224
714.78 5632
715.14 3992
715.49 6960
715.84 6477
716.20 4877
716.55 5702
716.91 4154
717.26 3662
717.61 5580
717.97 3832
718.32 4149
718.68 3850
719.03 2110
719.38 2480
719.74 2263
720.09 1171
720.45 2125
720.80 1853
721.16 1322
721.51 3411
721.87 2683
722.22 704
722.58 2038
722.93 1893
723.29 3835
723.64 5452
724.00 3156
724.36 2575
724.71 3049
725.07 1436
725.42 3579
725.78 3180
726.14 1958
726.49 1848
726.85 1716
727.20 1541
727.56 3035
727.92 2005
728.27 1265
728.63 3038
728.99 1658
729.34 2228
729.70 2568
730.06 351
730.42 517
730.77 909
731.13 -362
731.49 1304
731.85 357
732.20 3
732.56 1260
732.92 -24
733.28 738
733.64 1547
733.99 636
734.35 811
734.71 832
735.07 14
735.43 444
735.78 195
736.14 -777
736.50 231
736.86 -564
737.22 -236
737.58 1005
737.94 -378
738.30 23
738.66 1250
739.02 429
739.37 2815
739.73 3043
740.09 1389
740.45 2519
740.81 1645
741.17 1403
741.53 2762
741.89 2222
742.25 1618
742.61 3239
742.97 1963
743.33 2635
743.69 2760
744.06 1166
744.42 1849
744.78 2567
745.14 1872
745.50 2819
745.86 2732
746.22 1138
746.58 3015
746.94 2512
747.30 2573
747.67 4397
748.03 2933
748.39 2783
748.75 4273
749.11 5791
749.47 11521
749.84 13266
750.20 10669
750.56 11400
750.92 9973
751.29 9245
751.65 10151
752.01 7811
752.37 7608
752.74 8191
753.10 7322
753.46 10439
753.82 9676
754.19 9279
754.55 9717
754.91 9833
755.28 10129
755.64 11828
756.00 11423
756.37 12992
756.73 15105
757.10 13631
757.46 14454
757.82 13139
758.19 10694
758.55 10098
758.92 8663
759.28 8667
759.64 8782
760.01 6759
760.37 6853
760.74 7000
761.10 7211
761.47 8173
761.83 8459
762.20 7555
762.56 8050
762.93 7013
763.29 6532
763.66 6961
764.02 5365
764.39 5007
764.75 5125
765.12 4703
765.49 5784
765.85 6182
766.22 4590
766.58 5212
766.95 4797
767.32 4898
767.68 4862
768.05 4127
768.42 4039
768.78 4363
769.15 3944
769.52 5689
769.88 4938
770.25 3394
770.62 4138
770.98 3309
771.35 4955
771.72 5998
772.09 3951
772.45 4334
772.82 4035
773.19 3294
773.56 4068
773.92 3174
774.29 2550
774.66 3958
775.03 2966
775.40 3272
775.76 4227
776.13 2676
776.50 2017
776.87 2390
777.24 1944
777.61 2588
777.98 1612
778.35 1596
778.71 2228
779.08 1123
779.45 2009
779.82 2385
780.19 2734
780.56 6089
780.93 4867
781.30 4512
781.67 4620
782.04 2980
782.41 2635
782.78 2189
783.15 1129
783.52 1478
783.89 1185
784.26 1178
784.63 2218
785.00 1609
785.37 2233
785.74 2953
786.11 623
786.48 845
786.86 -17
787.23 216
787.60 1040
787.97 229
788.34 15
788.71 862
789.08 546
789.45 1546
789.83 1589
790.20 -98
790.57 571
790.94 18
791.31 -31
791.69 694
792.06 -737
792.43 -322
792.80 271
793.18 187
793.55 1502
793.92 965
794.29 715
794.67 2501
795.04 1283
795.41 3365
795.78 3364
796.16 1365
796.53 1952
796.90 1422
797.28 799
797.65 1558
798.03 -170
798.40 -187
798.77 390
799.15 -527
799.52 557
799.89 -606
800.27 -970
800.64 -229
801.02 -1174
801.39 -115
801.77 -140
802.14 -1289
802.52 871
802.89 1851
803.27 1289
803.64 2158
804.02 599
804.39 1057
804.77 2122
805.14 5898
805.52 21296
805.89 23201
806.27 13441
806.64 13849
807.02 9068
807.39 4864
807.77 3837
808.15 628
808.52 745
808.90 -370
809.28 -581
809.65 1631
810.03 268
810.40 -415
810.78 100
811.16 -677
811.54 311
811.91 -182
812.29 57
812.67 1196
813.04 271
813.42 836
813.80 866
814.18 -801
814.55 -679
814.93 -1217
815.31 -1151
815.69 -506
816.06 -634
816.44 -459
816.82 -20
817.20 -35
817.58 1081
817.95 448
818.33 -426
818.71 361
819.09 -51
819.47 491
819.85 326
820.23 377
820.61 1239
820.98 762
821.36 652
821.74 1351
822.12 630
822.50 1193
822.88 1023
823.26 593
823.64 1485
824.02 186
824.40 1204
824.78 3080
825.16 6577
825.54 9697
825.92 6118
826.30 5566
826.68 4753
827.06 3232
827.44 4575
827.82 4513
828.20 2566
828.58 2122
828.97 959
829.35 861
829.73 1152
830.11 -217
830.49 118
830.87 -731
831.25 -501
831.63 313
832.02 -945
832.40 -418
832.78 -744
833.16 -964
833.54 -98
833.93 -855
834.31 -342
834.69 410
835.07 70
835.45 704
835.84 703
836.22 1728
836.60 2731
836.99 2010
837.37 1724
837.75 2637
838.13 1892
838.52 3408
838.90 3343
839.28 2740
839.67 5050
840.05 3807
840.43 3836
840.82 5471
841.20 9061
841.59 9216
841.97 5616
842.35 5659
842.74 4277
843.12 3020
843.51 2693
843.89 1744
844.27 420
844.66 654
845.04 -223
845.43 -5
845.81 645
846.20 -64
846.58 868
846.97 556
847.35 564
847.74 619
848.12 195
848.51 942
848.90 1322
849.28 1390
849.67 2621
850.05 1860
850.44 2076
850.82 2260
851.21 2602
851.60 3586
851.98 3384
852.37 4076
852.76 5207
853.14 4543
853.53 5186
853.92 5970
854.30 6516
854.69 6801
855.08 7916
855.46 11705
855.85 12115
856.24 11131
856.62 10676
857.01 10587
857.40 11373
857.79 9358
858.17 7871
858.56 7462
858.95 6248
859.34 6182
859.73 5486
860.11 5200
860.50 5030
860.89 4308
861.28 4446
861.67 4930
862.06 5584
862.45 7667
862.83 8873
863.22 7268
863.61 6818
864.00 5209
864.39 4223
864.78 4679
865.17 3535
865.56 3736
865.95 3187
866.34 2949
866.73 3645
867.12 3144
867.51 3285
867.90 3711
868.29 3384
868.68 3908
869.07 2495
869.46 3703
869.85 4542
870.24 4900
870.63 4566
871.02 3987
871.41 4028
871.80 4584
872.19 4577
872.58 4077
872.97 3181
873.36 2883
873.75 3506
874.15 3329
874.54 3605
874.93 3601
875.32 2826
875.71 2672
876.10 1997
876.50 1768
876.89 1613
877.28 2034
877.67 2343
878.06 1316
878.46 1700
878.85 1126
879.24 1479
879.63 1370
880.03 82
880.42 767
880.81 -38
881.21 443
881.60 1000
881.99 20
882.38 -97
882.78 359
883.17 -145
883.56 263
883.96 -396
884.35 -97
884.75 526
885.14 -104
885.53 525
885.93 -242
886.32 -224
886.72 -178
887.11 -995
887.50 -158
887.90 -675
888.29 -152
888.69 344
889.08 35
889.48 169
889.87 -535
890.27 -369
890.66 403
891.06 -150
891.45 529
891.85 80
892.24 176
892.64 596
893.03 538
893.43 526
893.83 432
894.22 -103
894.62 271
895.01 -149
895.41 469
895.81 141
896.20 -279
896.60 88
896.99 458
897.39 1791
897.79 2278
898.18 2018
898.58 2611
898.98 1867
899.38 1320
899.77 1171
900.17 273
900.57 846
900.96 320
901.36 541
901.76 435
902.16 -50
902.55 -220
902.95 292
903.35 -3
903.75 529
904.15 191
904.54 228
904.94 100
905.34 228
905.74 462
906.14 480
906.54 2320
906.94 2697
907.33 2196
907.73 2024
908.13 463
908.53 670
908.93 1040
909.33 2734
909.73 4564
910.13 3796
910.53 3601
910.93 2584
911.33 2497
911.73 1841
912.13 854
912.53 640
912.93 401
913.33 5
913.73 -25
914.13 -208
914.53 -217
914.93 -208
915.33 147
915.73 373
916.13 595
916.53 1875
916.93 2082
917.33 2033
917.73 2532
918.14 1631
918.54 1262
918.94 633
919.34 955
919.74 1058
920.14 296
920.54 1196
920.95 1153
921.35 1370
921.75 1763
922.15 1315
922.55 1937
922.96 1942
923.36 2998
923.76 3733
924.16 3094
924.57 2847
924.97 2000
925.37 2221
925.77 2074
926.18 831
926.58 809
926.98 447
927.39 488
927.79 560
928.19 44
928.60 304
929.00 379
929.40 694
929.81 957
930.21 322
930.62 350
931.02 -444
931.42 -67
931.83 76
932.23 -212
932.64 133
933.04 -91
933.45 24
933.85 49
934.26 7
934.66 934
935.07 2285
935.47 2741
935.88 1761
936.28 1975
936.69 1684
937.09 1775
937.50 2181
937.90 1551
938.31 1228
938.71 1407
939.12 283
939.53 752
939.93 734
940.34 1380
940.74 1551
941.15 969
941.56 1062
941.96 -102
942.37 -3
942.78 -228
943.18 -568
943.59 -507
944.00 -1359
944.40 -897
944.81 -337
945.22 -26
945.62 23
946.03 -26
946.44 263
946.85 233
947.25 247
947.66 1093
948.07 412
948.48 469
948.89 1363
949.29 1918
949.70 2435
950.11 1451
950.52 2316
950.93 2878
951.34 3170
951.74 3279
952.15 2944
952.56 3191
952.97 2869
953.38 3369
953.79 3239
954.20 3360
954.61 3950
955.02 4072
955.43 3811
955.83 3770
956.24 2848
956.65 2768
957.06 1820
957.47 1713
957.88 1758
958.29 1301
958.70 1212
959.11 1344
959.52 1129
959.93 922
960.34 1002
960.76 1090
961.17 1362
961.58 913
961.99 581
962.40 417
962.81 407
963.22 278
963.63 1038
964.04 573
964.45 635
964.87 1430
965.28 1521
965.69 1196
966.10 818
966.51 1229
966.92 998
967.34 771
967.75 666
968.16 146
968.57 275
968.98 -171
969.40 -341
969.81 -653
970.22 -693
970.63 -384
971.05 -528
971.46 175
971.87 -148
972.29 -314
972.70 240
973.11 -95
973.53 -377
973.94 352
974.35 -160
974.77 547
975.18 627
975.59 2445
976.01 1944
976.42 2358
976.84 2359
977.25 1833
977.66 1817
978.08 1019
978.49 725
978.91 112
979.32 19
979.74 -156
980.15 -347
980.57 43
980.98 -398
981.40 -403
981.81 -315
982.23 -1201
982.64 -778
983.06 -1207
983.47 -1385
983.89 -1291
984.30 -1494
984.72 -693
985.13 -1189
985.55 -473
985.97 -597
986.38 -1271
986.80 -920
987.21 -817
987.63 100
988.05 -1128
988.46 -590
988.88 -627
989.30 -848
989.71 -596
990.13 -612
990.55 -1094
990.96 -410
991.38 -80
991.80 -283
992.22 -549
992.63 -640
993.05 -1342
993.47 -1374
993.89 -805
994.30 -918
994.72 -763
995.14 -762
995.56 -364
995.98 -536
996.39 -763
996.81 -893
997.23 -708
997.65 -1129
998.07 -1397
998.49 -1091
998.91 -691
999.32 -849
999.74 -910
1000.16 -1282
1000.58 -1036
1001.00 -1140
1001.42 -770
1001.84 -369
1002.26 -654
1002.68 169
1003.10 202
1003.52 553
1003.94 466
1004.36 -112
1004.78 600
1005.20 285
1005.62 661
1006.04 196
1006.46 668
1006.88 -40
1007.30 -123
1007.72 7
1008.14 44
1008.56 568
1008.98 170
1009.40 370
1009.82 1204
1010.24 654
1010.67 657
1011.09 275
1011.51 -118
1011.93 198
1012.35 313
1012.77 1734
1013.19 1531
1013.62 1531
1014.04 1497
1014.46 1764
1014.88 1281
1015.30 1415
1015.73 765
1016.15 605
1016.57 363
1016.99 117
1017.42 548
1017.84 1074
1018.26 545
1018.69 1175
1019.11 918
1019.53 1609
1019.95 2561
1020.38 4643
1020.80 8220
1021.22 6339
1021.65 6353
1022.07 4992
1022.50 4926
1022.92 4568
1023.34 4507
1023.77 5531
1024.19 4264
1024.62 4425
1025.04 3036
1025.46 2665
1025.89 2675
1026.31 1458
1026.74 2041
1027.16 1214
1027.59 1867
1028.01 1646
1028.44 1245
1028.86 1811
1029.29 1973
1029.71 3658
1030.14 4161
1030.56 3559
1030.99 3785
1031.41 3632
1031.84 3625
1032.27 3238
1032.69 3572
1033.12 3228
1033.54 2900
1033.97 2290
1034.40 2269
1034.82 2454
1035.25 2862
1035.67 3119
1036.10 3204
1036.53 2719
1036.95 2637
1037.38 3731
1037.81 3901
1038.24 3021
1038.66 2734
1039.09 2152
1039.52 1771
1039.94 1107
1040.37 1243
1040.80 1016
1041.23 895
1041.65 1140
1042.08 1028
1042.51 1434
1042.94 1044
1043.37 659
1043.79 949
1044.22 1664
1044.65 2968
1045.08 2820
1045.51 2826
1045.94 3712
1046.37 4278
1046.79 7551
1047.22 5908
1047.65 5053
1048.08 3665
1048.51 2469
1048.94 1632
1049.37 911
1049.80 517
1050.23 -306
1050.66 -4
1051.09 -263
1051.52 89
1051.95 243
1052.38 -798
1052.81 -540
1053.24 -676
1053.67 -499
1054.10 -733
1054.53 -678
1054.96 -891
1055.39 -1188
1055.82 -420
1056.25 -1438
1056.68 -465
1057.11 -1228
1057.54 -1021
1057.97 -1233
1058.40 -611
1058.84 -351
1059.27 231
1059.70 594
1060.13 1105
1060.56 914
1060.99 1204
1061.43 936
1061.86 1234
1062.29 909
1062.72 873
1063.15 1171
1063.59 1088
1064.02 1277
1064.45 1001
1064.88 2273
1065.32 6305
1065.75 10103
1066.18 9387
1066.61 8902
1067.05 7949
1067.48 6188
1067.91 5957
1068.35 4433
1068.78 4583
1069.21 3003
1069.65 2135
1070.08 1578
1070.51 1852
1070.95 1883
1071.38 1737
1071.82 2363
1072.25 2014
1072.68 3034
1073.12 2961
1073.55 3270
1073.99 4129
1074.42 3609
1074.86 4040
1075.29 3684
1075.73 4083
1076.16 4459
1076.60 4853
1077.03 4573
1077.47 5003
1077.90 6425
1078.34 9954
1078.77 15005
1079.21 14464
1079.64 14344
1080.08 14755
1080.51 16609
1080.95 17648
1081.39 16171
1081.82 15499
1082.26 14269
1082.69 14714
1083.13 14168
1083.57 13202
1084.00 11864
1084.44 9732
1084.88 9015
1085.31 7396
1085.75 7301
1086.19 6641
1086.62 6054
1087.06 6105
1087.50 5685
1087.93 6280
1088.37 5929
1088.81 5960
1089.25 5860
1089.68 5072
1090.12 5544
1090.56 5673
1091.00 5922
1091.44 5900
1091.87 5951
1092.31 6129
1092.75 6595
1093.19 6685
1093.63 7406
1094.07 7378
1094.50 8326
1094.94 9098
1095.38 8229
1095.82 8802
1096.26 8810
1096.70 9470
1097.14 9558
1097.58 9826
1098.02 10363
1098.46 9757
1098.89 10513
1099.33 11523
1099.77 12620
1100.21 12715
1100.65 13238
1101.09 13110
1101.53 12694
1101.97 12489
1102.41 11740
1102.85 12180
1103.29 11914
1103.73 12586
1104.18 11724
1104.62 11942
1105.06 11878
1105.50 12098
1105.94 11715
1106.38 11881
1106.82 12388
1107.26 13041
1107.70 13716
1108.14 13184
1108.59 13526
1109.03 15372
1109.47 20397
1109.91 25516
1110.35 24545
1110.79 30543
1111.24 55947
1111.68 111306
1112.12 121508
1112.56 110336
1113.00 105273
1113.45 75458
1113.89 63901
1114.33 43942
1114.77 34754
1115.22 25603
1115.66 20305
1116.10 17672
1116.55 19747
1116.99 19521
1117.43 18155
1117.88 17892
1118.32 14110
1118.76 13066
1119.21 11040
1119.65 8849
1120.09 7776
1120.54 6992
1120.98 7082
1121.43 6938
1121.87 6747
1122.31 6385
1122.76 6814
1123.20 7440
1123.65 8165
1124.09 8304
1124.54 8819
1124.98 9709
1125.43 10982
1125.87 13659
1126.32 13876
1126.76 15770
1127.21 19611
1127.65 26430
1128.10 28911
1128.54 26570
1128.99 26036
1129.43 21888
1129.88 20543
1130.32 16954
1130.77 15805
1131.22 15311
1131.66 14236
1132.11 14556
1132.56 15180
1133.00 15203
1133.45 16349
1133.89 17469
1134.34 15504
1134.79 15894
1135.23 15142
1135.68 17831
1136.13 17954
1136.58 18208
1137.02 20173
1137.47 24011
1137.92 28871
1138.36 28543
1138.81 25754
1139.26 20976
1139.71 17373
1140.15 14650
1140.60 13724
1141.05 13308
1141.50 13649
1141.95 14687
1142.39 14481
1142.84 15116
1143.29 17632
1143.74 21591
1144.19 19961
1144.64 19831
1145.09 18502
1145.53 16075
1145.98 14726
1146.43 12490
1146.88 11248
1147.33 9350
1147.78 8660
1148.23 8376
1148.68 7892
1149.13 8108
1149.58 9107
1150.03 8964
1150.48 7702
1150.93 7543
1151.38 6638
1151.83 5903
1152.28 5520
1152.73 6688
1153.18 11166
1153.63 21843
1154.08 26226
1154.53 24386
1154.98 23674
1155.43 18815
1155.88 16215
1156.33 12239
1156.78 10341
1157.24 9358
1157.69 9245
1158.14 8825
1158.59 9396
1159.04 9792
1159.49 9659
1159.94 10494
1160.40 10501
1160.85 10939
1161.30 9451
1161.75 10120
1162.20 9187
1162.66 9182
1163.11 9178
1163.56 9694
1164.01 10106
1164.47 10031
1164.92 10446
1165.37 10311
1165.82 11519
1166.28 11331
1166.73 12515
1167.18 13240
1167.64 13481
1168.09 13537
1168.54 13630
1169.00 13806
1169.45 14449
1169.90 14623
1170.36 14433
1170.81 14013
1171.27 13816
1171.72 14508
1172.17 14898
1172.63 15018
1173.08 15703
1173.54 16688
1173.99 17043
1174.44 18073
1174.90 35335
1175.35 86987
1175.81 156033
1176.26 151349
1176.72 151191
1177.17 127327
1177.63 102311
1178.08 81476
1178.54 57620
1179.00 43532
1179.45 29004
1179.91 21913
1180.36 17888
1180.82 19762
1181.27 16601
1181.73 14586
1182.19 11492
1182.64 9276
1183.10 7056
1183.55 5226
1184.01 4161
1184.47 2878
1184.92 2682
1185.38 2789
1185.84 3106
1186.29 3830
1186.75 3706
1187.21 4563
1187.67 5611
1188.12 6016
1188.58 6953
1189.04 7371
1189.49 8604
1189.95 10147
1190.41 12114
1190.87 15373
1191.33 17884
1191.78 21584
1192.24 22692
1192.70 23476
1193.16 21923
1193.62 20156
1194.07 18154
1194.53 15853
1194.99 14841
1195.45 12614
1195.91 11472
1196.37 10062
1196.83 10325
1197.29 11017
1197.74 13427
1198.20 12377
1198.66 11927
1199.12 10693
1199.58 8689
1200.04 8751
1200.50 7496
1200.96 7009
1201.42 6917
1201.88 7394
1202.34 6482
1202.80 6316
1203.26 5860
1203.72 4790
1204.18 3784
1204.64 3121
1205.10 2583
1205.56 2149
1206.02 2350
1206.48 3287
1206.94 4007
1207.41 3678
1207.87 4073
1208.33 3365
1208.79 3689
1209.25 5151
1209.71 8298
1210.17 8519
1210.63 8394
1211.10 7738
1211.56 6365
1212.02 5918
1212.48 4412
1212.94 4785
1213.41 6110
1213.87 7209
1214.33 6351
1214.79 6205
1215.25 5708
1215.72 4704
1216.18 3947
1216.64 3042
1217.11 2171
1217.57 2425
1218.03 2097
1218.49 1700
1218.96 2261
1219.42 2094
1219.88 2310
1220.35 1437
1220.81 1451
1221.28 1536
1221.74 2122
1222.20 2510
1222.67 2328
1223.13 2539
1223.59 2302
1224.06 2161
1224.52 2402
1224.99 2657
1225.45 2441
1225.92 2093
1226.38 1963
1226.85 1750
1227.31 1520
1227.78 1463
1228.24 807
1228.71 207
1229.17 792
1229.64 1001
1230.10 935
1230.57 1291
1231.03 1020
1231.50 947
1231.96 723
1232.43 1029
1232.89 1191
1233.36 604
1233.83 1269
1234.29 597
1234.76 864
1235.23 1198
1235.69 1866
1236.16 1972
1236.62 1662
1237.09 2850
1237.56 4485
1238.02 5505
1238.49 4927
1238.96 4550
1239.43 3445
1239.89 3350
1240.36 1489
1240.83 1850
1241.30 764
1241.76 636
1242.23 -132
1242.70 125
1243.17 313
1243.63 171
1244.10 -794
1244.57 -418
1245.04 -456
1245.51 -980
1245.97 -1204
1246.44 -1196
1246.91 -855
1247.38 -1610
1247.85 -1255
1248.32 -2079
1248.79 -1653
1249.26 -2053
1249.72 -1770
1250.19 -1563
1250.66 -2031
1251.13 -1384
1251.60 -1157
1252.07 -1427
1252.54 -1809
1253.01 -1707
1253.48 -2122
1253.95 -1725
1254.42 -1729
1254.89 -910
1255.36 -646
1255.83 -573
1256.30 -919
1256.77 -210
1257.24 237
1257.71 1297
1258.18 2548
1258.65 3220
1259.12 3421
1259.60 2837
1260.07 1322
1260.54 64
1261.01 -794
1261.48 -892
1261.95 -565
1262.42 -1401
1262.89 -552
1263.37 -591
1263.84 378
1264.31 153
1264.78 648
1265.25 178
1265.73 145
1266.20 200
1266.67 177
1267.14 408
1267.61 -441
1268.09 -754
1268.56 -1766
1269.03 -1475
1269.51 -2315
1269.98 -2408
1270.45 -2902
1270.92 -2639
1271.40 -2592
1271.87 -2173
1272.34 -1932
1272.82 -1954
1273.29 -2225
1273.76 -1657
1274.24 -1921
1274.71 -2116
1275.19 -2266
1275.66 -2134
1276.13 -1820
1276.61 -1948
1277.08 -2038
1277.56 -1823
1278.03 -1324
1278.51 -1603
1278.98 -1487
1279.45 -2088
1279.93 -1695
1280.40 -2102
1280.88 -1631
1281.35 -1466
1281.83 -1335
1282.30 -1379
1282.78 -897
1283.26 -374
1283.73 -992
1284.21 -19
1284.68 -194
1285.16 -217
1285.63 -143
1286.11 -146
1286.59 19
1287.06 753
1287.54 1490
1288.01 2376
1288.49 1906
1288.97 2517
1289.44 2355
1289.92 2532
1290.40 1569
1290.87 1755
1291.35 1292
1291.83 1395
1292.30 1447
1292.78 1808
1293.26 1720
1293.74 1346
1294.21 1409
1294.69 1064
1295.17 1038
1295.65 936
1296.12 1054
1296.60 915
1297.08 1398
1297.56 1379
1298.04 1858
1298.52 2463
1298.99 2902
1299.47 3009
1299.95 4380
1300.43 7149
1300.91 11063
1301.39 10942
1301.87 11367
1302.34 10666
1302.82 10824
1303.30 10057
1303.78 10175
1304.26 9624
1304.74 10061
1305.22 9416
1305.70 8504
1306.18 7376
1306.66 6689
1307.14 6977
1307.62 6610
1308.10 8101
1308.58 9300
1309.06 10451
1309.54 10361
1310.02 10075
1310.50 8339
1310.98 7183
1311.46 5801
1311.94 4820
1312.42 4326
1312.90 4527
1313.38 4267
1313.87 4850
1314.35 5290
1314.83 5119
1315.31 5462
1315.79 5349
1316.27 5752
1316.75 5574
1317.24 5114
1317.72 4458
1318.20 4486
1318.68 4267
1319.16 4361
1319.65 5029
1320.13 5793
1320.61 7927
1321.09 9594
1321.58 9453
1322.06 9634
1322.54 8590
1323.02 7482
1323.51 6879
1323.99 5988
1324.47 5179
1324.96 5783
1325.44 5335
1325.92 4899
1326.41 4400
1326.89 4175
1327.37 4178
1327.86 4952
1328.34 4659
1328.82 4228
1329.31 3374
1329.79 3837
1330.28 4830
1330.76 5333
1331.24 6344
1331.73 8050
1332.21 9154
1332.70 8739
1333.18 8465
1333.67 6997
1334.15 6413
1334.64 5676
1335.12 6000
1335.61 5212
1336.09 5108
1336.58 5337
1337.06 6231
1337.55 6373
1338.03 6655
1338.52 7316
1339.01 8428
1339.49 8267
1339.98 8056
1340.46 7297
1340.95 7549
1341.44 6607
1341.92 6704
1342.41 6890
1342.90 6598
1343.38 7361
1343.87 7215
1344.36 7474
1344.84 8068
1345.33 8267
1345.82 9193
1346.30 11004
1346.79 12800
1347.28 14118
1347.76 19054
1348.25 37196
1348.74 68291
1349.23 80753
1349.71 82278
1350.20 76692
1350.69 60942
1351.18 48741
1351.67 34791
1352.15 25749
1352.64 17769
1353.13 12832
1353.62 9539
1354.11 9547
1354.60 8022
1355.09 7246
1355.57 5899
1356.06 4609
1356.55 3002
1357.04 1543
1357.53 871
1358.02 661
1358.51 89
1359.00 324
1359.49 325
1359.98 369
1360.47 447
1360.96 1397
1361.45 1523
1361.94 2323
1362.43 3175
1362.92 4775
1363.41 6205
1363.90 9268
1364.39 16407
1364.88 24839
1365.37 28058
1365.86 28340
1366.35 25576
1366.84 21979
1367.33 17344
1367.82 14306
1368.31 11553
1368.80 9679
1369.30 7736
1369.79 7073
1370.28 7584
1370.77 7751
1371.26 7943
1371.75 6917
1372.25 5402
1372.74 3737
1373.23 2539
1373.72 1838
1374.21 1753
1374.71 1298
1375.20 1390
1375.69 1471
1376.18 2654
1376.68 2677
1377.17 3185
1377.66 2336
1378.15 2364
1378.65 2329
1379.14 2505
1379.63 2132
1380.13 2730
1380.62 3201
1381.11 4139
1381.61 4694
1382.10 4578
1382.59 3988
1383.09 3952
1383.58 4129
1384.08 3947
1384.57 3904
1385.06 3102
1385.56 2952
1386.05 2890
1386.55 3297
1387.04 3122
1387.54 3292
1388.03 2522
1388.52 1967
1389.02 2133
1389.51 1792
1390.01 1961
1390.50 1507
1391.00 1999
1391.50 1986
1391.99 2193
1392.49 2048
1392.98 2591
1393.48 2297
1393.97 2500
1394.47 2300
1394.96 2770
1395.46 3033
1395.96 3158
1396.45 3818
1396.95 5124
1397.45 5457
1397.94 5652
1398.44 5286
1398.94 4781
1399.43 4294
1399.93 4217
1400.43 4563
1400.92 5202
1401.42 4916
1401.92 5053
1402.41 6965
1402.91 7784
1403.41 8673
1403.91 9120
1404.40 9025
1404.90 8734
1405.40 7703
1405.90 7681
1406.40 6982
1406.89 7369
1407.39 8425
1407.89 9241
1408.39 10133
1408.89 10557
1409.38 10817
1409.88 11440
1410.38 11971
1410.88 13437
1411.38 13774
1411.88 13511
1412.38 13313
1412.88 13352
1413.38 13954
1413.88 14702
1414.37 14644
1414.87 15364
1415.37 16516
1415.87 19215
1416.37 20303
1416.87 21004
1417.37 21439
1417.87 21013
1418.37 21138
1418.87 21303
1419.37 21253
1419.87 20397
1420.37 20252
1420.87 19840
1421.38 19400
1421.88 19290
1422.38 20230
1422.88 20654
1423.38 21325
1423.88 22305
1424.38 23978
1424.88 25837
1425.38 27364
1425.89 28433
1426.39 29001
1426.89 28736
1427.39 29616
1427.89 28530
1428.39 27943
1428.90 28176
1429.40 27643
1429.90 28145
1430.40 28675
1430.90 30085
1431.41 31332
1431.91 34950
1432.41 41010
1432.91 63218
1433.42 126811
1433.92 230408
1434.42 270954
1434.93 281261
1435.43 257678
1435.93 215496
1436.44 172788
1436.94 129189
1437.44 96937
1437.95 70406
1438.45 52891
1438.95 42205
1439.46 39860
1439.96 36328
1440.47 32896
1440.97 28862
1441.47 24104
1441.98 19704
1442.48 15521
1442.99 12424
1443.49 10788
1444.00 9931
1444.50 8328
1445.01 9546
1445.51 10705
1446.02 13051
1446.52 13638
1447.03 14240
1447.53 15073
1448.04 15215
1448.54 15864
1449.05 19987
1449.55 26629
1450.06 37738
1450.57 40569
1451.07 43250
1451.58 40545
1452.08 39322
1452.59 37354
1453.10 34938
1453.60 33579
1454.11 33017
1454.61 31578
1455.12 31987
1455.63 34302
1456.13 36660
1456.64 34884
1457.15 32002
1457.66 28269
1458.16 24335
1458.67 21334
1459.18 19464
1459.68 18642
1460.19 18236
1460.70 17623
1461.21 18081
1461.72 15949
1462.22 14646
1462.73 12873
1463.24 10904
1463.75 9176
1464.26 8564
1464.76 8826
1465.27 11160
1465.78 15945
1466.29 19035
1466.80 18590
1467.31 17688
1467.82 14868
1468.32 11693
1468.83 8924
1469.34 7723
1469.85 6601
1470.36 5925
1470.87 6120
1471.38 7968
1471.89 10420
1472.40 10586
1472.91 10140
1473.42 8607
1473.93 6748
1474.44 5145
1474.95 4135
1475.46 4239
1475.97 3581
1476.48 4033
1476.99 4408
1477.50 5251
1478.01 5530
1478.52 4996
1479.03 4778
1479.54 3925
1480.05 3013
1480.57 2512
1481.08 2422
1481.59 2166
1482.10 2272
1482.61 1209
1483.12 1220
1483.63 624
1484.15 462
1484.66 157
1485.17 7
1485.68 -358
1486.19 -385
1486.71 25
1487.22 296
1487.73 817
1488.24 1653
1488.76 2348
1489.27 2845
1489.78 3334
1490.29 3776
1490.81 3928
1491.32 3587
1491.83 3245
1492.35 3339
1492.86 3205
1493.37 3569
1493.89 4075
1494.40 4034
1494.91 6472
1495.43 12214
1495.94 20344
1496.45 22331
1496.97 22687
1497.48 19876
1498.00 18289
1498.51 14293
1499.02 11680
1499.54 8098
1500.05 5588
1500.57 3811
1501.08 3410
1501.60 2633
1502.11 2196
1502.63 2060
1503.14 2108
1503.66 1997
1504.17 2225
1504.69 2111
1505.20 2226
1505.72 2498
1506.23 2480
1506.75 1937
1507.26 1846
1507.78 2145
1508.30 2017
1508.81 1728
1509.33 1541
1509.84 1049
1510.36 2013
1510.88 1857
1511.39 2615
1511.91 2654
1512.43 2584
1512.94 2617
1513.46 2846
1513.98 2628
1514.49 2551
1515.01 2347
1515.53 2606
1516.05 2949
1516.56 3098
1517.08 3201
1517.60 4042
1518.12 4376
1518.63 4307
1519.15 5238
1519.67 4805
1520.19 4996
1520.70 5425
1521.22 5866
1521.74 8043
1522.26 11687
1522.78 17395
1523.30 22553
1523.82 23476
1524.33 22865
1524.85 18911
1525.37 16157
1525.89 12253
1526.41 9451
1526.93 6467
1527.45 5294
1527.97 4503
1528.49 4878
1529.01 6315
1529.53 7586
1530.04 8299
1530.56 8352
1531.08 7540
1531.60 5754
1532.12 3880
1532.64 2980
1533.16 2241
1533.69 971
1534.21 665
1534.73 277
1535.25 98
1535.77 41
1536.29 375
1536.81 955
1537.33 1476
1537.85 2264
1538.37 2907
1538.89 3834
1539.41 3657
1539.94 3243
1540.46 2807
1540.98 2169
1541.50 1623
1542.02 1238
1542.54 1437
1543.07 1025
1543.59 739
1544.11 736
1544.63 1309
1545.15 1640
1545.68 2161
1546.20 2468
1546.72 2768
1547.24 2114
1547.77 2108
1548.29 1454
1548.81 777
1549.33 723
1549.86 394
1550.38 545
1550.90 1016
1551.43 902
1551.95 1495
1552.47 1899
1553.00 1549
1553.52 506
1554.05 815
1554.57 -232
1555.09 -341
1555.62 -465
1556.14 -998
1556.67 -721
1557.19 -757
1557.71 -927
1558.24 -923
1558.76 -735
1559.29 -377
1559.81 -563
1560.34 -869
1560.86 -865
1561.39 -1550
1561.91 -1143
1562.44 -1550
1562.96 -1617
1563.49 -2140
1564.01 -2143
1564.54 -2736
1565.06 -2773
1565.59 -2258
1566.12 -1761
1566.64 -1670
1567.17 -1456
1567.69 -1067
1568.22 -958
1568.75 -1294
1569.27 -1375
1569.80 -1667
1570.33 -1478
1570.85 -1683
1571.38 -1648
1571.91 -2010
1572.43 -2547
1572.96 -2570
1573.49 -1936
1574.01 -1382
1574.54 -1725
1575.07 -1038
1575.60 -1561
1576.12 -784
1576.65 -1110
1577.18 -1037
1577.71 -1138
1578.23 -414
1578.76 -112
1579.29 263
1579.82 352
1580.35 444
1580.88 314
1581.40 679
1581.93 1302
1582.46 1304
1582.99 1508
1583.52 2004
1584.05 1869
1584.58 1630
1585.10 1534
1585.63 1416
1586.16 1927
1586.69 1152
1587.22 1018
1587.75 30
1588.28 -72
1588.81 -398
1589.34 -702
1589.87 -745
1590.40 -502
1590.93 -574
1591.46 -430
1591.99 89
1592.52 117
1593.05 1071
1593.58 2620
1594.11 5971
1594.64 5954
1595.17 6080
1595.70 4955
1596.23 4057
1596.77 2867
1597.30 1583
1597.83 199
1598.36 -523
1598.89 -897
1599.42 -683
1599.95 236
1600.49 2967
1601.02 6370
1601.55 8185
1602.08 8780
1602.61 7930
1603.14 5656
1603.68 4213
1604.21 2573
1604.74 2122
1605.27 2287
1605.81 5202
1606.34 9446
1606.87 15077
1607.40 18505
1607.94 18989
1608.47 16991
1609.00 13613
1609.54 10153
1610.07 7172
1610.60 4467
1611.14 2762
1611.67 1548
1612.20 660
1612.74 467
1613.27 252
1613.80 14
1614.34 12
1614.87 -270
1615.41 -270
1615.94 -497
1616.48 271
1617.01 -66
1617.54 158
1618.08 475
1618.61 474
1619.15 338
1619.68 -94
1620.22 646
1620.75 708
1621.29 1483
1621.82 2273
1622.36 3546
1622.89 5042
1623.43 5986
1623.96 5750
1624.50 5383
1625.04 4120
1625.57 2905
1626.11 1664
1626.64 434
1627.18 361
1627.72 504
1628.25 142
1628.79 152
1629.32 122
1629.86 -12
1630.40 -404
1630.93 -100
1631.47 455
1632.01 -13
1632.55 -104
1633.08 -194
1633.62 -395
1634.16 -610
1634.69 -216
1635.23 -53
1635.77 -23
1636.31 17
1636.84 -611
1637.38 -643
1637.92 -194
1638.46 -21
1639.00 355
1639.53 242
1640.07 113
1640.61 460
1641.15 1077
1641.69 2037
1642.23 1668
1642.76 1230
1643.30 1069
1643.84 522
1644.38 817
1644.92 1073
1645.46 1025
1646.00 1596
1646.54 1849
1647.08 1807
1647.62 1846
1648.16 1919
1648.70 2055
1649.24 2125
1649.78 2020
1650.32 2551
1650.86 3545
1651.40 4635
1651.94 5023
1652.48 6184
1653.02 6163
1653.56 6023
1654.10 6398
1654.64 6289
1655.18 6961
1655.72 7635
1656.26 8583
1656.80 9732
1657.34 11102
1657.88 11118
1658.42 12129
1658.97 12330
1659.51 12894
1660.05 13452
1660.59 13344
1661.13 13228
1661.67 12882
1662.22 12154
1662.76 11792
1663.30 11252
1663.84 11269
1664.38 10966
1664.93 10983
1665.47 10873
1666.01 10357
1666.55 10164
1667.10 10087
1667.64 10155
1668.18 10495
1668.73 10040
1669.27 9779
1669.81 9076
1670.36 8906
1670.90 8828
1671.44 8731
1671.99 9005
1672.53 8969
1673.07 9833
1673.62 9753
1674.16 11178
1674.70 12537
1675.25 14080
1675.79 15998
1676.34 20114
1676.88 28801
1677.43 37900
1677.97 41505
1678.51 41205
1679.06 36966
1679.60 30905
1680.15 24409
1680.69 18811
1681.24 14859
1681.78 12236
1682.33 10633
1682.87 9520
1683.42 9763
1683.96 9249
1684.51 9548
1685.06 8743
1685.60 8681
1686.15 7455
1686.69 7547
1687.24 6500
1687.79 7144
1688.33 6962
1688.88 7334
1689.42 8397
1689.97 8121
1690.52 8541
1691.06 8306
1691.61 8450
1692.16 8249
1692.70 8224
1693.25 8808
1693.80 9378
1694.35 10358
1694.89 11436
1695.44 11261
1695.99 12300
1696.53 13225
1697.08 14654
1697.63 15955
1698.18 18065
1698.73 21539
1699.27 24437
1699.82 25994
1700.37 25360
1700.92 24549
1701.47 23576
1702.01 22276
1702.56 20254
1703.11 20393
1703.66 19752
1704.21 20088
1704.76 20140
1705.31 20363
1705.86 21080
1706.41 21449
1706.95 21650
1707.50 21856
1708.05 22019
1708.60 23410
1709.15 24513
1709.70 24443
1710.25 24153
1710.80 23456
1711.35 22220
1711.90 20874
1712.45 19360
1713.00 18277
1713.55 17361
1714.10 17466
1714.65 18091
1715.20 19942
1715.75 20444
1716.30 20472
1716.86 19909
1717.41 20082
1717.96 20202
1718.51 21244
1719.06 21415
1719.61 22406
1720.16 23134
1720.71 24698
1721.27 26471
1721.82 28069
1722.37 29222
1722.92 31746
1723.47 34822
1724.02 39234
1724.58 45680
1725.13 57219
1725.68 80083
1726.23 111539
1726.79 129069
1727.34 137108
1727.89 127203
1728.44 109763
1729.00 89122
1729.55 70859
1730.10 53936
1730.65 41650
1731.21 32682
1731.76 27563
1732.31 24890
1732.87 22843
1733.42 21051
1733.98 18734
1734.53 16332
1735.08 14311
1735.64 13001
1736.19 11246
1736.74 10763
1737.30 11112
1737.85 11062
1738.41 11869
1738.96 13455
1739.52 15083
1740.07 16800
1740.63 18979
1741.18 21509
1741.73 23882
1742.29 26201
1742.84 27566
1743.40 27688
1743.95 25746
1744.51 24265
1745.07 22127
1745.62 20152
1746.18 19272
1746.73 19864
1747.29 21887
1747.84 23927
1748.40 26873
1748.96 28484
1749.51 29511
1750.07 29662
1750.62 28255
1751.18 26702
1751.74 24539
1752.29 22390
1752.85 20376
1753.41 19317
1753.96 17819
1754.52 17164
1755.08 16093
1755.63 14559
1756.19 14499
1756.75 13874
1757.31 13672
1757.86 13987
1758.42 15097
1758.98 15007
1759.54 14166
1760.09 13261
1760.65 11943
1761.21 11079
1761.77 9343
1762.33 8617
1762.88 9096
1763.44 9718
1764.00 11595
1764.56 11967
1765.12 11974
1765.68 11536
1766.24 9747
1766.79 8793
1767.35 7179
1767.91 6839
1768.47 6643
1769.03 6584
1769.59 6658
1770.15 6605
1770.71 6846
1771.27 6842
1771.83 6615
1772.39 6994
1772.95 6084
1773.51 5796
1774.07 5522
1774.63 5475
1775.19 5639
1775.75 4448
1776.31 3913
1776.87 3797
1777.43 3284
1777.99 3258
1778.55 3624
1779.11 3757
1779.67 4920
1780.23 6160
1780.80 6929
1781.36 6995
1781.92 7232
1782.48 6578
1783.04 6648
1783.60 8008
1784.16 9808
1784.73 11754
1785.29 11733
1785.85 10787
1786.41 10374
1786.97 8526
1787.54 7712
1788.10 7929
1788.66 6536
1789.22 5577
1789.78 5126
1790.35 5020
1790.91 4686
1791.47 3834
1792.04 3101
1792.60 2256
1793.16 1545
1793.72 906
1794.29 683
1794.85 161
1795.41 -346
1795.98 -32
1796.54 -385
1797.11 -640
1797.67 -338
1798.23 -625
1798.80 -635
1799.36 -790
1799.93 -803
1800.49 -1183
1801.05 -719
1801.62 -1471
1802.18 -951
1802.75 -1262
1803.31 -1472
1803.88 -653
1804.44 -668
1805.01 -69
1805.57 14
1806.14 -144
1806.70 -236
1807.27 -340
1807.83 -151
1808.40 -62
1808.96 90
1809.53 335
1810.09 782
1810.66 819
1811.23 27
1811.79 15
1812.36 -1
1812.92 -18
1813.49 -354
1814.06 -476
1814.62 -720
1815.19 -1299
1815.76 -1671
1816.32 -1510
1816.89 -1705
1817.46 -1800
1818.02 -2206
1818.59 -2437
1819.16 -2272
1819.73 -2855
1820.29 -2165
1820.86 -2092
1821.43 -1772
1822.00 -1493
1822.56 -1298
1823.13 -1765
1823.70 -1349
1824.27 -1001
1824.84 -1262
1825.40 -1147
1825.97 -764
1826.54 -806
1827.11 -609
1827.68 -173
1828.25 -590
1828.81 -200
1829.38 -586
1829.95 -225
1830.52 792
1831.09 459
1831.66 1080
1832.23 1556
1832.80 1769
1833.37 1944
1833.94 2425
1834.51 3155
1835.08 3636
1835.65 4647
1836.22 7384
1836.79 9832
1837.36 12387
1837.93 12850
1838.50 13117
1839.07 11332
1839.64 9925
1840.21 10701
1840.78 12451
1841.35 16256
1841.92 17673
1842.49 18327
1843.06 17008
1843.63 15513
1844.20 13720
1844.77 11717
1845.34 9817
1845.92 8275
1846.49 6595
1847.06 5885
1847.63 4834
1848.20 4817
1848.77 3617
1849.35 2357
1849.92 1887
1850.49 1821
1851.06 1334
1851.63 961
1852.21 1403
1852.78 1219
1853.35 1119
1853.92 1212
1854.50 1343
1855.07 1074
1855.64 993
1856.22 1231
1856.79 1274
1857.36 2127
1857.94 2303
1858.51 2646
1859.08 3068
1859.66 3146
1860.23 2736
1860.80 2578
1861.38 2861
1861.95 2373
1862.52 2668
1863.10 2938
1863.67 3001
1864.25 4000
1864.82 4487
1865.40 4988
1865.97 5890
1866.54 5977
1867.12 6096
1867.69 5848
1868.27 5277
1868.84 4763
1869.42 4473
1869.99 3877
1870.57 3508
1871.14 3297
1871.72 3537
1872.30 3688
1872.87 5085
1873.45 5758
1874.02 6787
1874.60 7178
1875.17 8435
1875.75 10167
1876.33 13739
1876.90 18861
1877.48 23437
1878.06 25423
1878.63 25155
1879.21 21843
1879.78 18505
1880.36 14926
1880.94 11341
1881.52 9073
1882.09 6679
1882.67 5457
1883.25 4993
1883.82 4239
1884.40 3871
1884.98 3324
1885.56 2603
1886.13 3139
1886.71 2153
1887.29 1824
1887.87 1855
1888.44 1242
1889.02 1354
1889.60 1626
1890.18 1791
1890.76 2293
1891.34 3228
1891.91 4379
1892.49 5050
1893.07 5960
1893.65 6385
1894.23 7155
1894.81 7353
1895.39 6503
1895.97 6265
1896.55 5565
1897.13 5304
1897.70 4252
1898.28 3867
1898.86 3443
1899.44 3600
1900.02 3530
1900.60 3542
1901.18 4162
1901.76 4844
1902.34 5163
1902.92 4719
1903.50 4152
1904.08 3488
1904.66 3409
1905.25 2387
1905.83 1832
1906.41 1464
1906.99 659
1907.57 617
1908.15 674
1908.73 1362
1909.31 1390
1909.89 1307
1910.47 1311
1911.06 1538
1911.64 2169
1912.22 2639
1912.80 3839
1913.38 4426
1913.96 5223
1914.55 6770
1915.13 8543
1915.71 9357
1916.29 9724
1916.88 10271
1917.46 9733
1918.04 10462
1918.62 12757
1919.21 17901
1919.79 21685
1920.37 23882
1920.95 22617
1921.54 19680
1922.12 15593
1922.70 11738
1923.29 8171
1923.87 5489
1924.45 2990
1925.04 1518
1925.62 1225
1926.21 211
1926.79 -229
1927.37 -820
1927.96 -1158
1928.54 -1456
1929.13 -1422
1929.71 -1556
1930.29 -1619
1930.88 -1173
1931.46 -800
1932.05 -1123
1932.63 -447
1933.22 -344
1933.80 -73
1934.39 -65
1934.97 -9
1935.56 360
1936.14 942
1936.73 1175
1937.31 1544
1937.90 566
1938.49 1053
1939.07 387
1939.66 1232
1940.24 751
1940.83 326
1941.41 782
1942.00 389
1942.59 -40
1943.17 -377
1943.76 -519
1944.35 -861
1944.93 -1153
1945.52 -1682
1946.11 -1233
1946.69 -1061
1947.28 -995
1947.87 -1438
1948.46 -1477
1949.04 -688
1949.63 -1067
1950.22 -1143
1950.80 -1672
1951.39 -2072
1951.98 -2197
1952.57 -2180
1953.16 -2285
1953.74 -2266
1954.33 -2175
1954.92 -1661
1955.51 -1911
1956.10 -1475
1956.69 -1046
1957.27 -867
1957.86 -705
1958.45 -845
1959.04 -634
1959.63 -667
1960.22 -715
1960.81 -805
1961.40 -330
1961.99 -1035
1962.57 -1012
1963.16 -1948
1963.75 -2042
1964.34 -2376
1964.93 -2135
1965.52 -2306
1966.11 -2265
1966.70 -2409
1967.29 -1872
1967.88 -2153
1968.47 -2209
1969.06 -2011
1969.65 -1958
1970.24 -2291
1970.83 -2011
1971.43 -2111
1972.02 -1484
1972.61 -1597
1973.20 -696
1973.79 -75
1974.38 1171
1974.97 1766
1975.56 2053
1976.15 1467
1976.75 1836
1977.34 1231
1977.93 1369
1978.52 1684
1979.11 534
1979.70 1673
1980.30 2192
1980.89 3792
1981.48 4668
1982.07 5916
1982.66 7484
1983.26 7510
1983.85 7354
1984.44 6845
1985.04 5742
1985.63 4351
1986.22 3375
1986.81 2741
1987.41 2927
1988.00 2407
1988.59 2806
1989.19 2670
1989.78 2269
1990.37 1709
1990.97 1527
1991.56 1215
1992.15 346
1992.75 419
1993.34 887
1993.94 1274
1994.53 1507
1995.12 1557
1995.72 1593
1996.31 1847
1996.91 2271
1997.50 2411
1998.10 4225
1998.69 5119
1999.29 7434
1999.88 9250
2000.48 10577
2001.07 9790
2001.67 8993
2002.26 7387
2002.86 6319
2003.45 4871
2004.05 3698
2004.65 3286
2005.24 2976
2005.84 2365
2006.43 2062
2007.03 1964
2007.62 1925
2008.22 2144
2008.82 1458
2009.41 1342
2010.01 1801
2010.61 2237
2011.20 2008
2011.80 2238
2012.40 2674
2012.99 3134
2013.59 3332
2014.19 4171
2014.79 4675
2015.38 5271
2015.98 5225
2016.58 5461
2017.17 4608
2017.77 3887
2018.37 3676
2018.97 3242
2019.57 2830
2020.16 1965
2020.76 2264
2021.36 2359
2021.96 2753
2022.56 2562
2023.16 2036
2023.75 1697
2024.35 2039
2024.95 1710
2025.55 1108
2026.15 820
2026.75 737
2027.35 381
2027.95 743
2028.55 1422
2029.14 1830
2029.74 2340
2030.34 2942
2030.94 4516
2031.54 6871
2032.14 10633
2032.74 13436
2033.34 15084
2033.94 14095
2034.54 13167
2035.14 11532
2035.74 8939
2036.34 6665
2036.94 4780
2037.54 2942
2038.15 1541
2038.75 1068
2039.35 796
2039.95 471
2040.55 -104
2041.15 -160
2041.75 -327
2042.35 -155
2042.95 -952
2043.56 -1183
2044.16 -1241
2044.76 -1329
2045.36 -1780
2045.96 -1762
2046.56 -1651
2047.17 -1259
2047.77 -650
2048.37 -241
2048.97 -40
2049.58 508
2050.18 677
2050.78 861
2051.38 662
2051.99 831
2052.59 234
2053.19 -173
2053.79 -394
2054.40 -539
2055.00 -554
2055.60 -926
2056.21 -957
2056.81 -746
2057.41 -143
2058.02 -461
2058.62 -290
2059.23 -243
2059.83 -388
2060.43 226
2061.04 182
2061.64 -194
2062.25 195
2062.85 240
2063.45 193
2064.06 1318
2064.66 1507
2065.27 1534
2065.87 2116
2066.48 2045
2067.08 1535
2067.69 1970
2068.29 2325
2068.90 2051
2069.50 1664
2070.11 1866
2070.71 2183
2071.32 2824
2071.93 2998
2072.53 3970
2073.14 4342
2073.74 4438
2074.35 4241
2074.96 4583
2075.56 4678
2076.17 4978
2076.77 4973
2077.38 5070
2077.99 5496
2078.59 6866
2079.20 8391
2079.81 10376
2080.42 12511
2081.02 13649
2081.63 14408
2082.24 14117
2082.84 13183
2083.45 12548
2084.06 11574
2084.67 10884
2085.27 10192
2085.88 10082
2086.49 10226
2087.10 9989
2087.71 9948
2088.31 10218
2088.92 11072
2089.53 11024
2090.14 10803
2090.75 11274
2091.36 11479
2091.96 12306
2092.57 12840
2093.18 13790
2093.79 13933
2094.40 14880
2095.01 15245
2095.62 16346
2096.23 16157
2096.84 16737
2097.45 16826
2098.06 16984
2098.66 17377
2099.27 17640
2099.88 18923
2100.49 19384
2101.10 19940
2101.71 21246
2102.32 21331
2102.93 22540
2103.54 23214
2104.16 24416
2104.77 25541
2105.38 26565
2105.99 27304
2106.60 28373
2107.21 28120
2107.82 29058
2108.43 29468
2109.04 29105
2109.65 29767
2110.26 30312
2110.88 31039
2111.49 31183
2112.10 31575
2112.71 31573
2113.32 32402
2113.93 34032
2114.55 35008
2115.16 37095
2115.77 38140
2116.38 39709
2116.99 41559
2117.61 42872
2118.22 45989
2118.83 48521
2119.44 50742
2120.06 54400
2120.67 56766
2121.28 58541
2121.90 59783
2122.51 59979
2123.12 61062
2123.74 61788
2124.35 62472
2124.96 63859
2125.58 65435
2126.19 67269
2126.80 70207
2127.42 73277
2128.03 75809
2128.65 78553
2129.26 80938
2129.87 82734
2130.49 84254
2131.10 85701
2131.72 87137
2132.33 88955
2132.95 90565
2133.56 92065
2134.18 94437
2134.79 96207
2135.41 97616
2136.02 99780
2136.64 101662
2137.25 103863
2137.87 105893
2138.48 107718
2139.10 108964
2139.71 111465
2140.33 114727
2140.94 117552
2141.56 121999
2142.18 125176
2142.79 132168
2143.41 140071
2144.02 152522
2144.64 175325
2145.26 202808
2145.87 229352
2146.49 244492
2147.11 248637
2147.72 240532
2148.34 227876
2148.96 212648
2149.57 197876
2150.19 184215
2150.81 173473
2151.43 166406
2152.04 162426
2152.66 159280
2153.28 157931
2153.90 154645
2154.51 153835
2155.13 152084
2155.75 149191
2156.37 148514
2156.99 148469
2157.60 150217
2158.22 151395
2158.84 153579
2159.46 155791
2160.08 159808
2160.70 170943
2161.32 202297
2161.93 275796
2162.55 410178
2163.17 591586
2163.79 741173
2164.41 803124
2165.03 809365
2165.65 772867
2166.27 706692
2166.89 623221
2167.51 531640
2168.13 441577
2168.75 359856
2169.37 293777
2169.99 247642
2170.61 221876
2171.23 203096
2171.85 186196
2172.47 168069
2173.09 148065
2173.71 129071
2174.33 112553
2174.95 98135
2175.57 88089
2176.19 80651
2176.81 76627
2177.43 74085
2178.06 73067
2178.68 72456
2179.30 72635
2179.92 72087
2180.54 72958
2181.16 73168
2181.78 74308
2182.41 75734
2183.03 79722
2183.65 86702
2184.27 97114
2184.89 111994
2185.52 128401
2186.14 141587
2186.76 147627
2187.38 148997
2188.01 147402
2188.63 145654
2189.25 144884
2189.87 146234
2190.50 150867
2191.12 156183
2191.74 163439
2192.37 171860
2192.99 181753
2193.61 194972
2194.24 212566
2194.86 228232
2195.48 240213
2196.11 240506
2196.73 231286
2197.36 216229
2197.98 197878
2198.60 177570
2199.23 160246
2199.85 146265
2200.48 138995
2201.10 134528
2201.73 132550
2202.35 128540
2202.97 122261
2203.60 113099
2204.22 102113
2204.85 92977
2205.47 82558
2206.10 75590
2206.72 70528
2207.35 66815
2207.98 66327
2208.60 64540
2209.23 63592
2209.85 63294
2210.48 62652
2211.10 60663
2211.73 59392
2212.36 57112
2212.98 55411
2213.61 53051
2214.23 51301
2214.86 50192
2215.49 50083
2216.11 51193
2216.74 51120
2217.37 51679
2217.99 52089
2218.62 52269
2219.25 51500
2219.88 51513
2220.50 52091
2221.13 51914
2221.76 52838
2222.39 53607
2223.01 54764
2223.64 58320
2224.27 62294
2224.90 67982
2225.52 74767
2226.15 79091
2226.78 84213
2227.41 85095
2228.04 85351
2228.67 82936
2229.29 79958
2229.92 76934
2230.55 72904
2231.18 69594
2231.81 65996
2232.44 62039
2233.07 59078
2233.70 56875
2234.32 53628
2234.95 51224
2235.58 49081
2236.21 47866
2236.84 46746
2237.47 46349
2238.10 47321
2238.73 47870
2239.36 49052
2239.99 49520
2240.62 51457
2241.25 53020
2241.88 54458
2242.51 56010
2243.14 57840
2243.77 59149
2244.40 61082
2245.03 62527
2245.67 63271
2246.30 64887
2246.93 65909
2247.56 66629
2248.19 67824
2248.82 69082
2249.45 71014
2250.08 73535
2250.72 76661
2251.35 80100
2251.98 83704
2252.61 89885
2253.24 98305
2253.87 112940
2254.51 133450
2255.14 164108
2255.77 196502
2256.40 223718
2257.04 237780
2257.67 240312
2258.30 233735
2258.93 220057
2259.57 204236
2260.20 190501
2260.83 178730
2261.46 169815
2262.10 166137
2262.73 166167
2263.36 168620
2264.00 171945
2264.63 178474
2265.27 186595
2265.90 197684
2266.53 209846
2267.17 223652
2267.80 236334
2268.43 249683
2269.07 262102
2269.70 275221
2270.34 288179
2270.97 315328
2271.61 370798
2272.24 468296
2272.87 604170
2273.51 751655
2274.14 848177
2274.78 883011
2275.41 872876
2276.05 835213
2276.68 770988
2277.32 691064
2277.96 600953
2278.59 511672
2279.23 429200
2279.86 357161
2280.50 304754
2281.13 269099
2281.77 243601
2282.41 221061
2283.04 197447
2283.68 174221
2284.31 152204
2284.95 132433
2285.59 116606
2286.22 106429
2286.86 100764
2287.50 100639
2288.13 107120
2288.77 119753
2289.41 139832
2290.04 162112
2290.68 177145
2291.32 183169
2291.96 177883
2292.59 167345
2293.23 151814
2293.87 137247
2294.51 126535
2295.14 123536
2295.78 123430
2296.42 124938
2297.06 124701
2297.70 120890
2298.33 115257
2298.97 108679
2299.61 103214
2300.25 98496
2300.89 97729
2301.53 97141
2302.17 98766
2302.80 101263
2303.44 103310
2304.08 106839
2304.72 109088
2305.36 110158
2306.00 111432
2306.64 110821
2307.28 109465
2307.92 106702
2308.56 103539
2309.20 99781
2309.84 96958
2310.48 94705
2311.12 93272
2311.76 92803
2312.40 90806
2313.04 87783
2313.68 81991
2314.32 76109
2314.96 68676
2315.60 62177
2316.24 58018
2316.88 54559
2317.52 53576
2318.16 52161
2318.80 50500
2319.45 48615
2320.09 47032
2320.73 45647
2321.37 42924
2322.01 40384
2322.65 38003
2323.30 36231
2323.94 35343
2324.58 32573
2325.22 30378
2325.86 29273
2326.50 27692
2327.15 27160
2327.79 26241
2328.43 26253
2329.07 26100
2329.72 26071
2330.36 27064
2331.00 28111
2331.65 29281
2332.29 29370
2332.93 29616
2333.57 30093
2334.22 32482
2334.86 37693
2335.50 45012
2336.15 52720
2336.79 59606
2337.44 63301
2338.08 63840
2338.72 60886
2339.37 55752
2340.01 48355
2340.66 40180
2341.30 32656
2341.94 26586
2342.59 21668
2343.23 17651
2343.88 14942
2344.52 12167
2345.17 10056
2345.81 8672
2346.46 7149
2347.10 5944
2347.75 4602
2348.39 3533
2349.04 3377
2349.68 2887
2350.33 3054
2350.97 3550
2351.62 3746
2352.26 3599
2352.91 3986
2353.56 3489
2354.20 3624
2354.85 2749
2355.49 2116
2356.14 1429
2356.79 1088
2357.43 367
2358.08 -453
2358.73 -454
2359.37 -815
2360.02 -1157
2360.67 -1425
2361.31 -2102
2361.96 -1515
2362.61 -1448
2363.26 -1431
2363.90 -1936
2364.55 -1585
2365.20 -1988
2365.85 -1466
2366.49 -1525
2367.14 -871
2367.79 -826
2368.44 -698
2369.09 -397
2369.73 -173
2370.38 -451
2371.03 -240
2371.68 -147
2372.33 479
2372.98 -265
2373.62 -143
2374.27 -626
2374.92 -780
2375.57 -1477
2376.22 -1889
2376.87 -2098
2377.52 -2475
2378.17 -2966
2378.82 -3136
2379.47 -3167
2380.12 -3093
2380.77 -2979
2381.42 -2555
2382.07 -2591
2382.72 -1647
2383.37 -1139
2384.02 -775
2384.67 702
2385.32 1383
2385.97 2356
2386.62 3825
2387.27 4139
2387.92 4060
2388.57 3072
2389.22 2171
2389.87 702
2390.52 -274
2391.17 -1778
2391.82 -2568
2392.48 -3447
2393.13 -3638
2393.78 -4252
2394.43 -4378
2395.08 -4433
2395.73 -3901
2396.38 -3864
2397.04 -3971
2397.69 -3943
2398.34 -2837
2398.99 -3085
2399.65 -2521
2400.30 -1971
2400.95 -1090
2401.60 -60
2402.26 899
2402.91 2020
2403.56 3616
2404.21 6807
2404.87 11210
2405.52 15263
2406.17 19226
2406.83 19453
2407.48 17770
2408.13 14713
2408.79 10998
2409.44 7681
2410.09 4446
2410.75 2574
2411.40 1100
2412.06 -109
2412.71 -793
2413.36 -706
2414.02 -891
2414.67 -1531
2415.33 -1823
2415.98 -1846
2416.64 -1726
2417.29 -946
2417.95 -33
2418.60 777
2419.25 1761
2419.91 2838
2420.57 2431
2421.22 2159
2421.88 1385
2422.53 1266
2423.19 682
2423.84 581
2424.50 136
2425.15 33
2425.81 629
2426.47 1298
2427.12 1971
2427.78 1539
2428.43 1743
2429.09 2331
2429.75 1464
2430.40 1382
2431.06 476
2431.72 831
2432.37 325
2433.03 -593
2433.69 -648
2434.34 -708
2435.00 -854
2435.66 -973
2436.32 -217
2436.97 108
2437.63 38
2438.29 -122
2438.95 1209
2439.60 1584
2440.26 2121
2440.92 2429
2441.58 2644
2442.23 3545
2442.89 3672
2443.55 4709
2444.21 5923
2444.87 6843
2445.53 8289
2446.18 8681
2446.84 9206
2447.50 8889
2448.16 8582
2448.82 8197
2449.48 7499
2450.14 7036
2450.80 6306
2451.46 6246
2452.12 6105
2452.78 6260
2453.44 6835
2454.10 7395
2454.76 8122
2455.41 9558
2456.07 10428
2456.73 10694
2457.40 11427
2458.06 11144
2458.72 11580
2459.38 12636
2460.04 13045
2460.70 13761
2461.36 14613
2462.02 16115
2462.68 16521
2463.34 18381
2464.00 18461
2464.66 18538
2465.32 18691
2465.99 17912
2466.65 18282
2467.31 18169
2467.97 18517
2468.63 19347
2469.29 20089
2469.95 21774
2470.62 23157
2471.28 24146
2471.94 25594
2472.60 26468
2473.27 26940
2473.93 27023
2474.59 26613
2475.25 26027
2475.92 25439
2476.58 25137
2477.24 24770
2477.90 25210
2478.57 25726
2479.23 26163
2479.89 27676
2480.56 29034
2481.22 30830
2481.88 32403
2482.55 34394
2483.21 36672
2483.87 37191
2484.54 37952
2485.20 38977
2485.87 38961
2486.53 38930
2487.19 38891
2487.86 38146
2488.52 38648
2489.19 37888
2489.85 37974
2490.52 39012
2491.18 38990
2491.85 40325
2492.51 40631
2493.18 41153
2493.84 42398
2494.51 44422
2495.17 47149
2495.84 51432
2496.50 56218
2497.17 63244
2497.83 70462
2498.50 77534
2499.16 84296
2499.83 91821
2500.50 99037
2501.16 103918
2501.83 103532
2502.49 101369
2503.16 98509
2503.83 93116
2504.49 87578
2505.16 83582
2505.83 82218
2506.49 81284
2507.16 81487
2507.83 84584
2508.49 88287
2509.16 93127
2509.83 97390
2510.50 101944
2511.16 106491
2511.83 112049
2512.50 123040
2513.17 143585
2513.83 177618
2514.50 227720
2515.17 286868
2515.84 338333
2516.51 367288
2517.17 368088
2517.84 344499
2518.51 307234
2519.18 262908
2519.85 220843
2520.52 186119
2521.18 158883
2521.85 140362
2522.52 127827
2523.19 120370
2523.86 115846
2524.53 110435
2525.20 106357
2525.87 101797
2526.54 99656
2527.21 97280
2527.88 98145
2528.55 102821
2529.22 109504
2529.89 120313
2530.56 135010
2531.23 150212
2531.90 163963
2532.57 171928
2533.24 171183
2533.91 166634
2534.58 158865
2535.25 151105
2535.92 143427
2536.59 137527
2537.26 131110
2537.93 128104
2538.60 124086
2539.27 120690
2539.95 116877
2540.62 115407
2541.29 112557
2541.96 112840
2542.63 112503
2543.30 116304
2543.97 119849
2544.65 123760
2545.32 128449
2545.99 132684
2546.66 137754
2547.33 140464
2548.01 142892
2548.68 143974
2549.35 146919
2550.02 155522
2550.70 175370
2551.37 214721
2552.04 279654
2552.72 373784
2553.39 482019
2554.06 563981
2554.73 599336
2555.41 590192
2556.08 548658
2556.75 486626
2557.43 414537
2558.10 341272
2558.78 276639
2559.45 225326
2560.12 187683
2560.80 160506
2561.47 141597
2562.15 125778
2562.82 112213
2563.49 99502
2564.17 88580
2564.84 77728
2565.52 68783
2566.19 62097
2566.87 58891
2567.54 57129
2568.22 59502
2568.89 63591
2569.57 68751
2570.24 72574
2570.92 74194
2571.59 73653
2572.27 72049
2572.94 70634
2573.62 69954
2574.30 72494
2574.97 75782
2575.65 80044
2576.32 82513
2577.00 82416
2577.68 80687
2578.35 78240
2579.03 74016
2579.71 70799
2580.38 68647
2581.06 66757
2581.74 66348
2582.41 66975
2583.09 68843
2583.77 71467
2584.44 74932
2585.12 79212
2585.80 84614
2586.48 87953
2587.15 90072
2587.83 91092
2588.51 91407
2589.19 92558
2589.86 93205
2590.54 95069
2591.22 95266
2591.90 95844
2592.58 93804
2593.25 88986
2593.93 84131
2594.61 78461
2595.29 71469
2595.97 66721
2596.65 61476
2597.33 56935
2598.01 54070
2598.68 51369
2599.36 48321
2600.04 44547
2600.72 41847
2601.40 38298
2602.08 35030
2602.76 32733
2603.44 30380
2604.12 28352
2604.80 25974
2605.48 25078
2606.16 24404
2606.84 23460
2607.52 22984
2608.20 23029
2608.88 22395
2609.56 22313
2610.24 21832
2610.92 21719
2611.60 22677
2612.28 24109
2612.96 26000
2613.64 30587
2614.33 35788
2615.01 40832
2615.69 45769
2616.37 46978
2617.05 46322
2617.73 42872
2618.41 38643
2619.10 32980
2619.78 27813
2620.46 22795
2621.14 19444
2621.82 15980
2622.51 13362
2623.19 11624
2623.87 9877
2624.55 8743
2625.24 7471
2625.92 6691
2626.60 5985
2627.28 5624
2627.97 5390
2628.65 5629
2629.33 5998
2630.02 6686
2630.70 6760
2631.38 7249
2632.06 7256
2632.75 6922
2633.43 6271
2634.12 4860
2634.80 4651
2635.48 4493
2636.17 4004
2636.85 4317
2637.54 3851
2638.22 4188
2638.90 3141
2639.59 2970
2640.27 3796
2640.96 3016
2641.64 2698
2642.33 2321
2643.01 1959
2643.70 1844
2644.38 2050
2645.07 2421
2645.75 2705
2646.44 3034
2647.12 3585
2647.81 3493
2648.49 4570
2649.18 4863
2649.86 5079
2650.55 6358
2651.24 7783
2651.92 10551
2652.61 13504
2653.29 16849
2653.98 19764
2654.67 20975
2655.35 20814
2656.04 19498
2656.73 17043
2657.41 14316
2658.10 11560
2658.79 9172
2659.47 8057
2660.16 6535
2660.85 6567
2661.54 5587
2662.22 4885
2662.91 4028
2663.60 3232
2664.29 2723
2664.97 2260
2665.66 1645
2666.35 1386
2667.04 1687
2667.72 2012
2668.41 2080
2669.10 2274
2669.79 1921
2670.48 1437
2671.17 1111
2671.85 445
2672.54 -36
2673.23 -437
2673.92 -748
2674.61 -399
2675.30 -430
2675.99 -258
2676.68 -294
2677.37 -48
2678.06 454
2678.75 274
2679.43 163
2680.12 530
2680.81 571
2681.50 1290
2682.19 1478
2682.88 2190
2683.57 3146
2684.26 4650
2684.95 5951
2685.64 7014
2686.34 7630
2687.03 8200
2687.72 7613
2688.41 6904
2689.10 5938
2689.79 4808
2690.48 4518
2691.17 3017
2691.86 2521
2692.55 2084
2693.24 1792
2693.94 983
2694.63 946
2695.32 793
2696.01 1072
2696.70 1357
2697.39 1986
2698.09 2229
2698.78 2722
2699.47 2615
2700.16 2375
2700.86 2454
2701.55 2366
2702.24 2651
2702.93 2233
2703.63 2576
2704.32 2907
2705.01 3706
2705.70 3737
2706.40 4130
2707.09 3756
2707.78 3373
2708.48 2327
2709.17 1774
2709.86 1779
2710.56 610
2711.25 242
2711.94 -414
2712.64 -526
2713.33 -1474
2714.03 -1193
2714.72 -898
2715.41 -949
2716.11 -506
2716.80 -596
2717.50 420
2718.19 939
2718.89 1200
2719.58 2255
2720.28 2998
2720.97 3680
2721.67 4389
2722.36 5149
2723.06 5464
2723.75 6636
2724.45 8128
2725.14 9036
2725.84 10147
2726.53 10357
2727.23 10110
2727.93 8832
2728.62 8504
2729.32 7526
2730.01 7307
2730.71 7062
2731.41 6603
2732.10 6246
2732.80 5971
2733.50 5534
2734.19 5296
2734.89 5156
2735.59 5185
2736.28 5126
2736.98 5500
2737.68 5222
2738.37 6943
2739.07 8041
2739.77 10024
2740.47 12447
2741.16 15651
2741.86 18580
2742.56 21730
2743.26 23151
2743.95 24254
2744.65 23456
2745.35 20948
2746.05 18130
2746.75 14821
2747.45 11319
2748.14 8839
2748.84 6397
2749.54 5132
2750.24 3685
2750.94 2323
2751.64 1752
2752.34 1061
2753.03 822
2753.73 292
2754.43 32
2755.13 -294
2755.83 -165
2756.53 -36
2757.23 171
2757.93 841
2758.63 1395
2759.33 1858
2760.03 3159
2760.73 3030
2761.43 3814
2762.13 3030
2762.83 3514
2763.53 3432
2764.23 2626
2764.93 2489
2765.63 2020
2766.33 1786
2767.03 1652
2767.74 974
2768.44 840
2769.14 489
2769.84 323
2770.54 295
2771.24 33
2771.94 110
2772.64 74
2773.35 46
2774.05 877
2774.75 1009
2775.45 1107
2776.15 1839
2776.86 2217
2777.56 2540
2778.26 2385
2778.96 2913
2779.66 2852
2780.37 2991
2781.07 3322
2781.77 3541
2782.48 4434
2783.18 5430
2783.88 6882
2784.58 9070
2785.29 11290
2785.99 14147
2786.69 16110
2787.40 17577
2788.10 18044
2788.80 17139
2789.51 15013
2790.21 13046
2790.92 11157
2791.62 8668
2792.32 7634
2793.03 6222
2793.73 5263
2794.44 4822
2795.14 4872
2795.85 4417
2796.55 4693
2797.25 5039
2797.96 5153
2798.66 5721
2799.37 6488
2800.07 9341
2800.78 13791
2801.48 23236
2802.19 39880
2802.90 65274
2803.60 99555
2804.31 138364
2805.01 173971
2805.72 195275
2806.42 197113
2807.13 183679
2807.84 158861
2808.54 131036
2809.25 103359
2809.95 80194
2810.66 62409
2811.37 48993
2812.07 40427
2812.78 35325
2813.49 31076
2814.19 27452
2814.90 23320
2815.61 19558
2816.31 16701
2817.02 13476
2817.73 11388
2818.44 9312
2819.14 8376
2819.85 7518
2820.56 7373
2821.27 6643
2821.97 6168
2822.68 6123
2823.39 5860
2824.10 5316
2824.81 5330
2825.51 5249
2826.22 5366
2826.93 5472
2827.64 4893
2828.35 5126
2829.06 4613
2829.77 4529
2830.47 4028
2831.18 4095
2831.89 4386
2832.60 4023
2833.31 3978
2834.02 4680
2834.73 4937
2835.44 4988
2836.15 5081
2836.86 5816
2837.57 6290
2838.28 6969
2838.99 7151
2839.70 7782
2840.41 8678
2841.12 9711
2841.83 10161
2842.54 10768
2843.25 10901
2843.96 11094
2844.67 10450
2845.38 10194
2846.09 9676
2846.80 8778
2847.51 7816
2848.23 7156
2848.94 6652
2849.65 6356
2850.36 5727
2851.07 4819
2851.78 4459
2852.49 3975
2853.21 3745
2853.92 3483
2854.63 3225
2855.34 3250
2856.05 2550
2856.77 2832
2857.48 2218
2858.19 2066
2858.90 1627
2859.62 1575
2860.33 1390
2861.04 1482
2861.75 1428
2862.47 1389
2863.18 1871
2863.89 2203
2864.61 2340
2865.32 2943
2866.03 2648
2866.75 2779
2867.46 2951
2868.17 2766
2868.89 2665
2869.60 2416
2870.31 2046
2871.03 1718
2871.74 1433
2872.46 1248
2873.17 1449
2873.89 960
2874.60 1021
2875.31 1001
2876.03 1079
2876.74 699
2877.46 605
2878.17 1030
2878.89 789
2879.60 910
2880.32 609
2881.03 513
2881.75 719
2882.46 819
2883.18 884
2883.90 1035
2884.61 980
2885.33 1089
2886.04 1106
2886.76 844
2887.47 1010
2888.19 1364
2888.91 1227
2889.62 1153
2890.34 1333
2891.06 1469
2891.77 1349
2892.49 1828
2893.21 1923
2893.92 2352
2894.64 2740
2895.36 2380
2896.07 3181
2896.79 3029
2897.51 3111
2898.23 3424
2898.94 3362
2899.66 3375
2900.38 3577
2901.10 3946
2901.81 3839
2902.53 3559
2903.25 3589
2903.97 3183
2904.69 3362
2905.40 3004
2906.12 3324
2906.84 3343
2907.56 3423
2908.28 4157
2909.00 5033
2909.72 7274
2910.43 9695
2911.15 13124
2911.87 16694
2912.59 19083
2913.31 21053
2914.03 21162
2914.75 19277
2915.47 17483
2916.19 15366
2916.91 12954
2917.63 11221
2918.35 9155
2919.07 7706
2919.79 6942
2920.51 6253
2921.23 5703
2921.95 5130
2922.67 4639
2923.39 4481
2924.11 4243
2924.83 4470
2925.55 4278
2926.27 4453
2926.99 5355
2927.71 5145
2928.44 5945
2929.16 6091
2929.88 6333
2930.60 6609
2931.32 7161
2932.04 7929
2932.76 7851
2933.49 8415
2934.21 8082
2934.93 7780
2935.65 7594
2936.37 7317
2937.10 6800
2937.82 6140
2938.54 5698
2939.26 5583
2939.99 5355
2940.71 5180
2941.43 5425
2942.15 5474
2942.88 5458
2943.60 5918
2944.32 6222
2945.05 6298
2945.77 5997
2946.49 6153
2947.22 5999
2947.94 6265
2948.66 6247
2949.39 6227
2950.11 6583
2950.83 6094
2951.56 6120
2952.28 6114
2953.01 5761
2953.73 5284
2954.46 5010
2955.18 5128
2955.90 4811
2956.63 4470
2957.35 4443
2958.08 4481
2958.80 4562
2959.53 4452
2960.25 4694
2960.98 4660
2961.70 4517
2962.43 4366
2963.15 4612
2963.88 4553
2964.61 4510
2965.33 4673
2966.06 4734
2966.78 4829
2967.51 4818
2968.24 4779
2968.96 4655
2969.69 4427
2970.41 4118
2971.14 3582
2971.87 3375
2972.59 3310
2973.32 3337
2974.05 3285
2974.77 3220
2975.50 3190
2976.23 2945
2976.95 2949
2977.68 3003
2978.41 2844
2979.14 2498
2979.86 2161
2980.59 2220
2981.32 1846
2982.05 1653
2982.77 1594
2983.50 1263
2984.23 1288
2984.96 1257
2985.69 996
2986.42 1216
2987.14 1274
2987.87 1531
2988.60 1284
2989.33 1105
2990.06 1472
2990.79 1686
2991.52 1392
2992.24 1337
2992.97 984
2993.70 731
2994.43 727
2995.16 800
2995.89 715
2996.62 655
2997.35 503
2998.08 637
2998.81 649
2999.54 706
3000.27 316
3001.00 505
3001.73 449
3002.46 656
3003.19 590
3003.92 598
3004.65 788
3005.38 488
3006.11 405
3006.84 719
3007.57 522
3008.31 748
3009.04 466
3009.77 557
3010.50 552
3011.23 185
3011.96 389
3012.69 259
3013.42 -70
3014.16 406
3014.89 4
3015.62 335
3016.35 105
3017.08 263
3017.82 172
3018.55 389
3019.28 107
3020.01 198
3020.75 -173
3021.48 229
3022.21 46
3022.94 -115
3023.68 28
3024.41 -126
3025.14 221
3025.87 -298
3026.61 -160
3027.34 -87
3028.07 84
3028.81 -123
3029.54 -88
3030.28 255
3031.01 -2
3031.74 50
3032.48 124
3033.21 -68
3033.94 -3
3034.68 -153
3035.41 -76
3036.15 220
3036.88 14
3037.62 116
3038.35 -3
3039.09 -115
3039.82 -146
3040.56 -243
3041.29 323
3042.03 7
3042.76 355
3043.50 296
3044.23 476
3044.97 809
3045.70 674
3046.44 767
3047.17 744
3047.91 414
3048.65 590
3049.38 484
3050.12 633
3050.85 417
3051.59 484
3052.33 627
3053.06 749
3053.80 602
3054.54 793
3055.27 809
3056.01 935
3056.75 813
3057.48 1119
3058.22 1231
3058.96 1348
3059.69 1526
3060.43 2429
3061.17 3491
3061.91 4162
3062.64 4461
3063.38 4965
3064.12 4479
3064.86 4419
3065.60 4134
3066.33 3093
3067.07 2663
3067.81 1757
3068.55 1474
3069.29 1365
3070.02 1077
3070.76 902
3071.50 938
3072.24 893
3072.98 752
3073.72 352
3074.46 152
3075.20 167
3075.94 81
3076.67 410
3077.41 130
3078.15 180
3078.89 46
3079.63 184
3080.37 148
3081.11 -87
3081.85 207
3082.59 -307
3083.33 189
3084.07 -11
3084.81 -149
3085.55 -201
3086.29 -62
3087.03 -141
3087.77 567
3088.52 531
3089.26 526
3090.00 599
3090.74 756
3091.48 753
3092.22 495
3092.96 437
3093.70 334
3094.44 487
3095.19 820
3095.93 800
3096.67 1116
3097.41 935
3098.15 1237
3098.89 1431
3099.64 1319
3100.38 1214
3101.12 947
3101.86 795
3102.61 864
3103.35 425
3104.09 407
3104.83 304
3105.58 142
3106.32 -162
3107.06 -142
3107.81 -191
3108.55 -340
3109.29 -353
3110.03 -261
3110.78 -314
3111.52 -127
3112.27 -53
3113.01 171
3113.75 311
3114.50 88
3115.24 84
3115.98 37
3116.73 -8
3117.47 61
3118.22 -68
3118.96 48
3119.71 -42
3120.45 -222
3121.19 -216
3121.94 -196
3122.68 -172
3123.43 -465
3124.17 -104
3124.92 -141
3125.66 -195
3126.41 -152
3127.16 -152
3127.90 64
3128.65 219
3129.39 -264
3130.14 159
3130.88 -33
3131.63 -53
3132.38 -46
3133.12 33
3133.87 260
3134.61 -172
3135.36 -42
3136.11 211
3136.85 415
3137.60 460
3138.35 595
3139.09 880
3139.84 1507
3140.59 1892
3141.33 1937
3142.08 1955
3142.83 1929
3143.58 1337
3144.32 1583
3145.07 1229
3145.82 1347
3146.57 1289
3147.31 1360
3148.06 1002
3148.81 1137
3149.56 802
3150.31 1030
3151.05 1027
3151.80 1089
3152.55 1302
3153.30 1474
3154.05 1818
3154.80 2377
3155.54 3588
3156.29 4787
3157.04 5880
3157.79 7164
3158.54 8037
3159.29 8075
3160.04 7405
3160.79 6438
3161.54 5428
3162.29 4284
3163.04 3027
3163.79 2533
3164.54 1762
3165.29 1404
3166.04 1114
3166.79 833
3167.54 541
3168.29 633
3169.04 440
3169.79 588
3170.54 34
3171.29 255
3172.04 154
3172.79 364
3173.54 546
3174.29 371
3175.04 531
3175.79 504
3176.55 294
3177.30 626
3178.05 449
3178.80 719
3179.55 187
3180.30 233
3181.06 342
3181.81 299
3182.56 175
3183.31 236
3184.06 -84
3184.82 115
3185.57 -338
3186.32 1
3187.07 -168
3187.83 85
3188.58 245
3189.33 -59
3190.08 577
3190.84 878
3191.59 1374
3192.34 1619
3193.10 1974
3193.85 1881
3194.60 2071
3195.36 1923
3196.11 2562
3196.86 2434
3197.62 2583
3198.37 2845
3199.13 3265
3199.88 3355
3200.63 3032
3201.39 3466
3202.14 2587
3202.90 2354
3203.65 1612
3204.41 1093
3205.16 871
3205.91 131
3206.67 153
3207.42 -1
3208.18 -154
3208.93 -322
3209.69 -122
3210.44 -406
3211.20 -315
3211.96 -343
3212.71 60
3213.47 -154
3214.22 -246
3214.98 -374
3215.73 -353
3216.49 -354
3217.25 -494
3218.00 -290
3218.76 -296
3219.52 -370
3220.27 -475
3221.03 -286
3221.78 -515
3222.54 -487
3223.30 -765
3224.06 -578
3224.81 -682
3225.57 -749
3226.33 -675
3227.08 -1078
3227.84 -811
3228.60 -731
3229.36 -974
3230.11 -871
3230.87 -876
3231.63 -869
3232.39 -890
3233.14 -903
3233.90 -782
3234.66 -1002
3235.42 -779
3236.18 -900
3236.94 -599
3237.69 -843
3238.45 -769
3239.21 -569
3239.97 -612
3240.73 -676
3241.49 -550
3242.25 -764
3243.01 -455
3243.77 -401
3244.52 -162
3245.28 -155
3246.04 -338
3246.80 -237
3247.56 -471
3248.32 -680
3249.08 -626
3249.84 -652
3250.60 -255
3251.36 -197
3252.12 -49
3252.88 202
3253.64 205
3254.40 617
3255.16 1004
3255.92 1378
3256.69 1506
3257.45 1824
3258.21 2172
3258.97 1777
3259.73 2193
3260.49 2054
3261.25 1791
3262.01 1897
3262.77 1667
3263.54 1486
3264.30 1213
3265.06 1314
3265.82 1444
3266.58 1485
3267.35 1233
3268.11 1412
3268.87 1369
3269.63 1697
3270.39 1830
3271.16 2148
3271.92 2630
3272.68 2791
3273.44 3093
3274.21 2572
3274.97 2658
3275.73 2670
3276.50 2633
3277.26 2596
3278.02 2345
3278.79 2584
3279.55 2295
3280.31 2122
3281.08 2287
3281.84 2735
3282.60 2634
3283.37 2923
3284.13 2917
3284.90 3397
3285.66 3568
3286.42 4217
3287.19 4565
3287.95 4789
3288.72 5254
3289.48 5564
3290.25 5557
3291.01 6057
3291.78 5981
3292.54 5891
3293.31 5893
3294.07 5450
3294.84 5287
3295.60 5347
3296.37 5706
3297.13 6742
3297.90 8412
3298.66 11231
3299.43 16009
3300.19 22277
3300.96 29444
3301.73 37425
3302.49 44867
3303.26 49619
3304.03 51211
3304.79 49001
3305.56 45546
3306.32 39721
3307.09 33270
3307.86 27696
3308.62 22398
3309.39 18897
3310.16 16275
3310.93 13928
3311.69 12642
3312.46 11582
3313.23 10833
3313.99 10556
3314.76 11150
3315.53 11740
3316.30 13298
3317.07 14617
3317.83 16374
3318.60 18139
3319.37 18826
3320.14 18936
3320.91 18535
3321.67 17014
3322.44 14934
3323.21 13250
3323.98 11225
3324.75 9717
3325.52 8330
3326.29 7358
3327.05 6550
3327.82 5861
3328.59 5414
3329.36 5239
3330.13 4841
3330.90 4854
3331.67 5172
3332.44 5212
3333.21 5899
3333.98 6222
3334.75 6707
3335.52 7289
3336.29 7179
3337.06 7924
3337.83 7576
3338.60 7528
3339.37 7246
3340.14 7040
3340.91 7128
3341.68 6769
3342.45 6707
3343.22 6008
3343.99 5930
3344.77 5317
3345.54 5290
3346.31 5276
3347.08 4668
3347.85 4981
3348.62 4821
3349.39 4662
3350.16 4947
3350.94 4805
3351.71 4757
3352.48 4478
3353.25 4255
3354.02 4273
3354.80 3725
3355.57 3480
3356.34 3583
3357.11 2964
3357.89 2913
3358.66 2518
3359.43 2409
3360.20 2263
3360.98 1888
3361.75 2230
3362.52 2078
3363.30 2145
3364.07 2502
3364.84 2420
3365.62 2863
3366.39 2884
3367.16 2894
3367.94 3244
3368.71 3195
3369.48 3595
3370.26 3594
3371.03 3790
3371.81 3698
3372.58 3581
3373.36 3315
3374.13 3142
3374.90 3069
3375.68 2416
3376.45 1876
3377.23 2045
3378.00 1192
3378.78 1347
3379.55 1209
3380.33 841
3381.10 627
3381.88 664
3382.65 683
3383.43 755
3384.20 276
3384.98 880
3385.76 312
3386.53 44
3387.31 180
3388.08 -168
3388.86 97
3389.64 -102
3390.41 -3
3391.19 -12
3391.97 -149
3392.74 -122
3393.52 -416
3394.30 207
3395.07 214
3395.85 352
3396.63 583
3397.40 697
3398.18 1091
3398.96 1582
3399.73 2063
3400.51 2966
3401.29 3052
3402.07 3235
3402.85 3194
3403.62 3366
3404.40 2956
3405.18 2572
3405.96 1932
3406.74 1800
3407.51 1511
3408.29 1528
3409.07 1214
3409.85 992
3410.63 1048
3411.41 631
3412.18 348
3412.96 581
3413.74 243
3414.52 -59
3415.30 -235
3416.08 -11
3416.86 -376
3417.64 -210
3418.42 -525
3419.20 -730
3419.98 -333
3420.76 -376
3421.54 -290
3422.32 -38
3423.10 -50
3423.88 32
3424.66 -107
3425.44 -5
3426.22 -153
3427.00 -202
3427.78 -205
3428.56 -334
3429.34 -254
3430.12 -124
3430.90 -423
3431.68 27
3432.46 -320
3433.25 -76
3434.03 39
3434.81 170
3435.59 541
3436.37 144
3437.15 273
3437.93 314
3438.72 379
3439.50 840
3440.28 923
3441.06 1442
3441.84 1607
3442.63 1837
3443.41 2051
3444.19 2230
3444.97 2027
3445.76 1705
3446.54 1442
3447.32 1142
3448.11 759
3448.89 597
3449.67 325
3450.45 38
3451.24 153
3452.02 -58
3452.80 27
3453.59 -123
3454.37 -376
3455.16 -306
3455.94 -242
3456.72 -394
3457.51 -589
3458.29 -433
3459.07 -544
3459.86 -629
3460.64 -479
3461.43 -393
3462.21 -599
3463.00 -403
3463.78 -543
3464.57 -373
3465.35 -250
3466.14 -284
3466.92 -289
3467.71 -238
3468.49 -386
3469.28 -245
3470.06 -347
3470.85 1
3471.63 -321
3472.42 -117
3473.20 125
3473.99 128
3474.78 926
3475.56 1197
3476.35 1772
3477.13 2543
3477.92 2981
3478.71 3410
3479.49 3588
3480.28 3833
3481.07 3229
3481.85 2920
3482.64 2314
3483.43 1940
3484.21 1554
3485.00 1509
3485.79 1198
3486.58 1386
3487.36 1298
3488.15 1429
3488.94 1367
3489.73 1102
3490.51 1138
3491.30 871
3492.09 682
3492.88 397
3493.67 23
3494.45 106
3495.24 -165
3496.03 -137
3496.82 -169
3497.61 -186
3498.40 -257
3499.18 -385
3499.97 -396
3500.76 -249
3501.55 -335
3502.34 -233
3503.13 -591
3503.92 -349
3504.71 -314
3505.50 -251
3506.29 -1
3507.08 -198
3507.87 -6
3508.66 -125
3509.45 -167
3510.24 -123
3511.03 89
3511.82 137
3512.61 195
3513.40 -160
3514.19 196
3514.98 -34
3515.77 373
3516.56 484
3517.35 548
3518.14 913
3518.93 572
3519.72 1128
3520.51 1204
3521.30 818
3522.10 1237
3522.89 1173
3523.68 1054
3524.47 931
3525.26 715
3526.05 1087
3526.85 935
3527.64 1109
3528.43 1149
3529.22 1295
3530.01 1377
3530.81 1454
3531.60 1628
3532.39 1732
3533.18 1673
3533.98 1334
3534.77 1269
3535.56 1577
3536.35 1242
3537.15 1366
3537.94 1586
3538.73 1568
3539.53 1966
3540.32 2017
3541.11 2421
3541.91 2978
3542.70 2977
3543.49 3195
3544.29 3644
3545.08 3332
3545.88 3678
3546.67 3424
3547.46 2771
3548.26 2620
3549.05 2310
3549.85 2372
3550.64 2074
3551.44 2000
3552.23 1893
3553.03 1748
3553.82 1986
3554.62 1867
3555.41 2002
3556.21 1905
3557.00 1917
3557.80 2251
3558.59 2504
3559.39 2544
3560.18 2944
3560.98 3066
3561.77 3553
3562.57 4093
3563.37 4106
3564.16 4110
3564.96 4289
3565.75 4504
3566.55 4028
3567.35 3721
3568.14 3758
3568.94 3398
3569.74 3502
3570.53 3668
3571.33 3339
3572.13 3740
3572.92 3605
3573.72 3755
3574.52 3619
3575.32 3935
3576.11 4270
3576.91 4427
3577.71 5024
3578.51 4719
3579.30 4964
3580.10 5276
3580.90 5448
3581.70 5533
3582.49 5230
3583.29 5399
3584.09 5527
3584.89 5483
3585.69 5657
3586.49 5709
3587.29 5665
3588.08 6226
3588.88 6075
3589.68 6925
3590.48 7170
3591.28 8045
3592.08 8821
3592.88 8970
3593.68 9465
3594.48 8859
3595.28 9239
3596.08 8633
3596.88 8209
3597.68 7874
3598.48 7265
3599.28 6996
3600.08 6871
3600.88 6431
3601.68 6726
3602.48 6485
3603.28 5963
3604.08 6230
3604.88 6340
3605.68 6554
3606.48 6253
3607.28 6685
3608.08 6688
3608.88 6877
3609.68 7379
3610.48 7729
3611.29 7685
3612.09 8103
3612.89 8295
3613.69 8481
3614.49 8775
3615.29 9223
3616.09 9630
3616.90 10024
3617.70 10062
3618.50 10107
3619.30 10713
3620.11 10712
3620.91 10552
3621.71 11316
3622.51 10973
3623.32 11599
3624.12 12318
3624.92 12751
3625.72 13572
3626.53 13987
3627.33 14520
3628.13 15512
3628.94 16235
3629.74 17092
3630.54 17763
3631.35 18149
3632.15 18110
3632.95 18135
3633.76 18441
3634.56 18040
3635.37 18371
3636.17 18214
3636.97 18337
3637.78 19044
3638.58 19047
3639.39 19503
3640.19 20065
3641.00 20502
3641.80 21041
3642.61 21779
3643.41 21878
3644.21 22615
3645.02 22750
3645.83 23490
3646.63 24034
3647.44 24386
3648.24 25321
3649.05 25796
3649.85 26475
3650.66 27201
3651.46 27798
3652.27 29467
3653.08 30560
3653.88 32209
3654.69 34002
3655.49 35297
3656.30 36861
3657.11 38126
3657.91 38722
3658.72 39345
3659.53 40025
3660.33 40127
3661.14 40732
3661.95 40898
3662.75 41623
3663.56 42042
3664.37 42898
3665.18 43344
3665.98 44803
3666.79 47573
3667.60 51780
3668.41 58514
3669.21 68954
3670.02 83214
3670.83 101305
3671.64 121982
3672.44 143761
3673.25 162667
3674.06 176301
3674.87 184428
3675.68 182833
3676.49 172610
3677.30 156079
3678.10 139105
3678.91 119419
3679.72 101012
3680.53 85496
3681.34 72762
3682.15 63364
3682.96 55346
3683.77 50398
3684.58 46649
3685.39 44765
3686.20 43849
3687.01 44522
3687.82 45832
3688.63 47826
3689.44 50380
3690.25 52095
3691.06 52542
3691.87 52407
3692.68 50194
3693.49 47367
3694.30 44728
3695.11 40350
3695.92 37014
3696.73 33190
3697.54 30549
3698.35 28048
3699.16 25696
3699.97 23497
3700.78 22045
3701.60 20596
3702.41 19731
3703.22 19474
3704.03 19179
3704.84 19240
3705.65 19593
3706.46 20054
3707.28 20635
3708.09 21081
3708.90 21815
3709.71 22057
3710.53 22442
3711.34 22851
3712.15 23088
3712.96 23758
3713.78 22894
3714.59 22846
3715.40 22408
3716.21 22084
3717.03 22035
3717.84 21940
3718.65 22378
3719.47 22125
3720.28 22225
3721.09 22198
3721.91 21844
3722.72 22346
3723.53 21751
3724.35 21642
3725.16 21460
3725.98 21035
3726.79 21107
3727.60 20303
3728.42 19938
3729.23 19796
3730.05 19546
3730.86 18932
3731.68 18667
3732.49 18494
3733.31 18811
3734.12 18424
3734.94 18164
3735.75 17987
3736.57 17746
3737.38 17093
3738.20 16508
3739.01 15982
3739.83 15200
3740.64 14669
3741.46 14307
3742.27 13680
3743.09 13705
3743.91 13191
3744.72 12669
3745.54 12219
3746.35 11336
3747.17 10653
3747.99 9408
3748.80 8869
3749.62 8483
3750.44 7440
3751.25 7403
3752.07 6621
3752.89 6161
3753.70 6188
3754.52 5580
3755.34 5442
3756.16 4898
3756.97 4488
3757.79 4541
3758.61 3754
3759.43 3491
3760.24 3204
3761.06 3066
3761.88 2916
3762.70 2509
3763.51 2400
3764.33 2293
3765.15 2103
3765.97 1994
3766.79 1745
3767.61 1820
3768.43 1822
3769.24 1626
3770.06 1906
3770.88 1695
3771.70 1842
3772.52 1435
3773.34 1632
3774.16 1649
3774.98 1705
3775.80 1540
3776.62 1564
3777.44 1469
3778.26 1461
3779.08 1563
3779.90 1551
3780.72 1031
3781.54 1384
3782.36 1158
3783.18 1078
3784.00 1072
3784.82 887
3785.64 984
3786.46 976
3787.28 941
3788.10 1190
3788.92 1539
3789.74 1208
3790.56 1551
3791.38 1296
3792.20 1310
3793.03 1358
3793.85 1600
3794.67 1827
3795.49 2007
3796.31 2440
3797.13 2447
3797.96 2958
3798.78 3443
3799.60 3635
3800.42 4084
3801.24 4133
3802.07 3695
3802.89 3975
3803.71 3870
3804.53 3776
3805.36 3653
3806.18 3431
3807.00 3381
3807.82 2902
3808.65 2813
3809.47 2978
3810.29 2940
3811.12 3089
3811.94 2837
3812.76 3072
3813.59 3032
3814.41 3163
3815.23 3267
3816.06 3626
3816.88 4240
3817.71 4426
3818.53 4867
3819.35 5625
3820.18 6048
3821.00 6479
3821.83 6320
3822.65 6572
3823.48 6393
3824.30 6321
3825.13 6361
3825.95 6045
3826.78 6119
3827.60 5953
3828.43 5853
3829.25 5613
3830.08 5330
3830.90 5258
3831.73 5137
3832.55 4638
3833.38 4556
3834.20 4163
3835.03 4148
3835.86 4151
3836.68 4039
3837.51 3915
3838.33 4017
3839.16 4104
3839.99 4259
3840.81 4076
3841.64 4629
3842.47 4337
3843.29 5001
3844.12 4863
3844.95 5183
3845.77 5214
3846.60 5067
3847.43 4850
3848.26 4882
3849.08 4629
3849.91 4779
3850.74 4330
3851.57 4779
3852.39 4700
3853.22 4782
3854.05 5206
3854.88 5479
3855.71 5813
3856.53 6419
3857.36 6713
3858.19 7991
3859.02 8333
3859.85 9180
3860.68 9738
3861.50 10187
3862.33 10613
3863.16 10355
3863.99 10133
3864.82 9613
3865.65 8851
3866.48 8371
3867.31 7172
3868.14 6679
3868.97 6125
3869.80 5510
3870.63 4886
3871.46 4638
3872.29 4330
3873.12 4074
3873.95 4050
3874.78 3963
3875.61 3719
3876.44 3983
3877.27 3808
3878.10 3695
3878.93 3711
3879.76 3729
3880.59 3557
3881.42 3546
3882.25 3179
3883.08 3177
3883.91 2922
3884.74 2814
3885.58 2429
3886.41 2340
3887.24 2489
3888.07 2005
3888.90 2239
3889.73 2277
3890.57 1883
3891.40 2008
3892.23 2036
3893.06 1932
3893.89 2260
3894.73 1822
3895.56 1998
3896.39 1990
3897.22 1900
3898.06 2024
3898.89 1941
3899.72 2177
3900.55 1960
3901.39 1860
3902.22 2038
3903.05 2068
3903.89 2371
3904.72 2316
3905.55 2641
3906.39 2841
3907.22 2984
3908.05 3065
3908.89 3301
3909.72 3357
3910.56 3361
3911.39 3119
3912.22 3109
3913.06 2804
3913.89 2861
3914.73 2900
3915.56 2182
3916.40 2471
3917.23 1986
3918.07 1999
3918.90 1967
3919.74 1564
3920.57 1757
3921.41 1368
3922.24 1575
3923.08 1431
3923.91 1276
3924.75 1475
3925.58 1136
3926.42 1222
3927.25 1249
3928.09 1100
3928.93 1316
3929.76 1050
3930.60 1218
3931.43 1278
3932.27 881
3933.11 899
3933.94 1187
3934.78 1192
3935.62 871
3936.45 900
3937.29 743
3938.13 741
3938.96 869
3939.80 872
3940.64 708
3941.48 768
3942.31 805
3943.15 950
3943.99 1255
3944.83 1181
3945.66 1233
3946.50 1171
3947.34 1507
3948.18 1557
3949.02 1725
3949.85 1597
3950.69 1579
3951.53 1543
3952.37 1676
3953.21 1481
3954.05 1607
3954.88 1323
3955.72 1201
3956.56 1205
3957.40 1173
3958.24 1246
3959.08 969
3959.92 863
3960.76 880
3961.60 647
3962.44 841
3963.28 647
3964.12 746
3964.96 814
3965.80 624
3966.64 805
3967.48 623
3968.32 544
3969.16 566
3970.00 615
3970.84 677
3971.68 458
3972.52 497
3973.36 533
3974.20 571
3975.04 601
3975.88 372
3976.72 409
3977.56 479
3978.40 348
3979.25 322
3980.09 407
3980.93 371
3981.77 675
3982.61 545
3983.45 717
3984.30 684
3985.14 707
3985.98 427
3986.82 561
3987.66 704
3988.51 459
3989.35 694
3990.19 760
3991.03 490
3991.88 683
3992.72 608
3993.56 646
3994.40 684
3995.25 652
3996.09 654
3996.93 588
3997.78 902
3998.62 1014
3999.46 716
4000.31 872
4001.15 831
4001.99 991
4002.84 779
4003.68 911
4004.53 836
4005.37 612
4006.21 696
4007.06 802
4007.90 741
4008.75 670
4009.59 443
4010.44 508
4011.28 874
4012.13 660
4012.97 598
4013.82 401
4014.66 389
4015.51 376
4016.35 348
4017.20 636
4018.04 446
4018.89 462
4019.73 519
4020.58 564
4021.42 640
4022.27 596
4023.12 735
4023.96 670
4024.81 390
4025.65 553
4026.50 780
4027.35 1149
4028.19 1041
4029.04 1005
4029.89 1267
4030.73 1420
4031.58 1576
4032.43 1604
4033.27 1750
4034.12 1634
4034.97 1517
4035.82 1347
4036.66 1299
4037.51 1056
4038.36 1048
4039.21 819
4040.05 717
4040.90 630
4041.75 479
4042.60 748
4043.45 678
4044.29 632
4045.14 898
4045.99 697
4046.84 743
4047.69 682
4048.54 747
4049.38 835
4050.23 783
4051.08 815
4051.93 513
4052.78 695
4053.63 648
4054.48 569
4055.33 714
4056.18 380
4057.03 451
4057.88 742
4058.73 444
4059.58 632
4060.43 492
4061.28 702
4062.13 758
4062.98 554
4063.83 863
4064.68 744
4065.53 1030
4066.38 993
4067.23 1123
4068.08 1265
4068.93 1046
4069.78 1376
4070.63 1207
4071.48 1259
4072.33 1174
4073.18 1374
4074.04 1464
4074.89 1764
4075.74 1655
4076.59 1881
4077.44 1766
4078.29 2019
4079.15 2137
4080.00 1863
4080.85 1909
4081.70 1783
4082.55 1624
4083.41 1308
4084.26 1129
4085.11 1113
4085.96 703
4086.82 495
4087.67 584
4088.52 364
4089.37 480
4090.23 286
4091.08 261
4091.93 360
4092.79 57
4093.64 398
4094.49 100
4095.35 360
4096.20 357
4097.05 356
4097.91 398
4098.76 245
4099.62 190
4100.47 277
4101.32 283
4102.18 387
4103.03 54
4103.89 109
4104.74 187
4105.60 69
4106.45 60
4107.31 203
4108.16 -46
4109.02 81
4109.87 50
4110.73 169
4111.58 178
4112.44 304
4113.29 647
4114.15 476
4115.00 551
4115.86 758
4116.71 883
4117.57 1012
4118.43 750
4119.28 827
4120.14 619
4120.99 517
4121.85 656
4122.71 501
4123.56 433
4124.42 181
4125.28 268
4126.13 379
4126.99 168
4127.85 138
4128.70 77
4129.56 303
4130.42 124
4131.28 259
4132.13 471
4132.99 504
4133.85 325
4134.71 522
4135.56 266
4136.42 507
4137.28 337
4138.14 453
4139.00 519
4139.85 242
4140.71 343
4141.57 262
4142.43 349
4143.29 262
4144.15 273
4145.00 214
4145.86 26
4146.72 237
4147.58 4
4148.44 -17
4149.30 62
4150.16 -40
4151.02 182
4151.88 290
4152.74 132
4153.60 313
4154.46 215
4155.32 415
4156.18 445
4157.04 368
4157.90 525
4158.76 492
4159.62 448
4160.48 455
4161.34 381
4162.20 539
4163.06 367
4163.92 567
4164.78 237
4165.64 135
4166.50 51
4167.36 -30
4168.22 91
4169.08 -8
4169.95 -117
4170.81 -99
4171.67 -103
4172.53 -245
4173.39 -339
4174.25 -419
4175.11 -264
4175.98 -319
4176.84 -300
4177.70 -126
4178.56 -490
4179.43 -244
4180.29 -432
4181.15 -347
4182.01 -138
4182.88 -260
4183.74 -301
4184.60 -349
4185.46 -256
4186.33 -54
4187.19 -249
4188.05 -90
4188.92 -187
4189.78 -358
4190.64 -287
4191.51 -404
4192.37 -200
4193.23 -246
4194.10 -148
4194.96 -295
4195.83 -450
4196.69 -355
4197.55 -362
4198.42 -379
4199.28 -204
4200.15 -404
4201.01 -146
4201.88 -269
4202.74 -516
4203.60 -455
4204.47 -388
4205.33 -155
4206.20 -237
4207.06 -146
4207.93 -61
4208.80 -146
4209.66 -19
4210.53 -62
4211.39 42
4212.26 20
4213.12 -26
4213.99 -106
4214.85 -69
4215.72 267
4216.59 154
4217.45 100
4218.32 160
4219.19 35
4220.05 194
4220.92 35
4221.79 63
4222.65 181
4223.52 137
4224.39 0
4225.25 110
4226.12 47
4226.99 171
4227.85 137
4228.72 51
4229.59 368
4230.46 213
4231.32 321
4232.19 99
4233.06 13
4233.93 359
4234.80 -24
4235.66 101
4236.53 9
4237.40 -12
4238.27 80
4239.14 11
4240.01 74
4240.87 -81
4241.74 31
4242.61 -9
4243.48 53
4244.35 49
4245.22 81
4246.09 301
4246.96 164
4247.83 223
4248.70 188
4249.56 -28
4250.43 3
4251.30 107
4252.17 -21
4253.04 203
4253.91 -33
4254.78 38
4255.65 197
4256.52 110
4257.39 139
4258.26 27
4259.13 53
4260.01 167
4260.88 221
4261.75 136
4262.62 16
4263.49 -95
4264.36 145
4265.23 -118
4266.10 4
4266.97 -296
4267.84 45
4268.72 0
4269.59 -35
4270.46 -177
4271.33 -201
4272.20 -174
4273.07 25
4273.95 -111
4274.82 27
4275.69 104
4276.56 225
4277.44 131
4278.31 220
4279.18 350
4280.05 278
4280.93 196
4281.80 336
4282.67 152
4283.54 303
4284.42 68
4285.29 89
4286.16 185
4287.04 162
4287.91 118
4288.78 146
4289.66 126
4290.53 249
4291.41 23
4292.28 183
4293.15 -67
4294.03 171
4294.90 143
4295.78 0
4296.65 111
4297.52 -116
4298.40 -150
4299.27 21
4300.15 95
4301.02 48
4301.90 -53
4302.77 32
4303.65 210
4304.52 79
4305.40 275
4306.27 88
4307.15 184
4308.02 312
4308.90 91
4309.77 349
4310.65 93
4311.53 357
4312.40 167
4313.28 91
4314.15 309
4315.03 438
4315.91 446
4316.78 442
4317.66 432
4318.54 498
4319.41 454
4320.29 646
4321.17 574
4322.04 593
4322.92 659
4323.80 457
4324.67 534
4325.55 366
4326.43 346
4327.31 502
4328.18 567
4329.06 340
4329.94 444
4330.82 439
4331.69 675
4332.57 487
4333.45 591
4334.33 775
4335.21 599
4336.09 722
4336.96 739
4337.84 765
4338.72 666
4339.60 804
4340.48 1129
4341.36 918
4342.24 891
4343.12 989
4343.99 957
4344.87 1036
4345.75 1220
4346.63 1138
4347.51 1234
4348.39 1195
4349.27 1208
4350.15 1270
4351.03 1357
4351.91 1558
4352.79 1425
4353.67 1587
4354.55 1733
4355.43 1997
4356.31 1843
4357.19 1830
4358.07 1980
4358.95 1900
4359.83 2096
4360.71 2316
4361.60 2289
4362.48 2604
4363.36 2492
4364.24 2601
4365.12 2648
4366.00 2676
4366.88 2890
4367.76 2747
4368.65 3080
4369.53 3204
4370.41 3075
4371.29 3287
4372.17 3235
4373.06 3433
4373.94 3643
4374.82 3965
4375.70 4115
4376.58 3994
4377.47 4399
4378.35 4344
4379.23 4290
4380.12 4488
4381.00 5036
4381.88 4846
4382.76 5087
4383.65 5391
4384.53 5453
4385.41 5396
4386.30 5510
4387.18 5820
4388.06 5800
4388.95 6012
4389.83 5998
4390.72 6038
4391.60 6043
4392.48 6302
4393.37 6333
4394.25 6489
4395.14 6822
4396.02 7296
4396.90 7768
4397.79 8169
4398.67 9123
4399.56 9757
4400.44 10590
4401.33 11378
4402.21 12078
4403.10 12505
4403.98 12774
4404.87 13082
4405.75 12646
4406.64 13000
4407.53 12463
4408.41 12174
4409.30 11729
4410.18 11282
4411.07 11335
4411.95 11390
4412.84 11982
4413.73 13010
4414.61 14758
4415.50 17423
4416.39 20564
4417.27 24192
4418.16 28037
4419.05 31528
4419.93 35889
4420.82 38388
4421.71 40822
4422.59 41378
4423.48 40874
4424.37 39171
4425.25 35517
4426.14 31890
4427.03 28121
4427.92 23897
4428.81 20421
4429.69 17486
4430.58 15116
4431.47 13087
4432.36 11734
4433.24 10862
4434.13 9986
4435.02 9459
4435.91 9172
4436.80 8534
4437.69 8514
4438.58 7994
4439.46 8034
4440.35 8046
4441.24 7083
4442.13 6808
4443.02 6594
4443.91 6272
4444.80 6056
4445.69 5508
4446.58 5298
4447.47 4723
4448.36 4381
4449.25 4156
4450.14 3641
4451.03 3758
4451.92 3614
4452.81 3612
4453.70 3647
4454.59 4059
4455.48 4147
4456.37 4249
4457.26 4364
4458.15 4329
4459.04 4396
4459.93 4543
4460.82 4241
4461.71 4559
4462.60 4590
4463.49 4770
4464.39 4692
4465.28 4541
4466.17 4552
4467.06 4637
4467.95 4412
4468.84 4600
4469.73 4386
4470.63 4501
4471.52 4567
4472.41 4545
4473.30 4868
4474.20 4923
4475.09 5136
4475.98 5236
4476.87 5081
4477.76 5386
4478.66 5463
4479.55 5842
4480.44 5600
4481.34 5673
4482.23 5809
4483.12 5819
4484.02 5862
4484.91 5894
4485.80 5432
4486.70 5431
4487.59 4971
4488.48 5070
4489.38 4798
4490.27 4581
4491.16 4539
4492.06 4264
4492.95 4344
4493.85 4285
4494.74 4020
4495.64 4016
4496.53 3877
4497.42 3748
4498.32 3758
4499.21 3757
4500.11 3794
4501.00 3484
4501.90 3514
4502.79 3510
4503.69 3427
4504.58 3527
4505.48 3550
4506.37 3630
4507.27 3797
4508.17 3488
4509.06 3893
4509.96 3569
4510.85 3568
4511.75 3929
4512.65 3822
4513.54 3825
4514.44 3561
4515.33 3963
4516.23 4171
4517.13 3981
4518.02 4010
4518.92 4057
4519.82 4360
4520.71 4212
4521.61 4488
4522.51 4610
4523.40 4418
4524.30 4537
4525.20 4726
4526.10 4339
4526.99 4747
4527.89 4420
4528.79 4771
4529.69 5074
4530.58 5114
4531.48 5537
4532.38 5539
4533.28 6437
4534.18 6619
4535.08 6919
4535.97 7080
4536.87 7501
4537.77 7524
4538.67 7632
4539.57 7501
4540.47 7573
4541.37 7246
4542.26 7261
4543.16 7230
4544.06 7214
4544.96 7550
4545.86 7435
4546.76 8016
4547.66 8761
4548.56 9547
4549.46 11109
4550.36 12576
4551.26 14559
4552.16 16392
4553.06 18172
4553.96 19859
4554.86 21324
4555.76 22065
4556.66 22670
4557.56 22153
4558.46 21507
4559.36 20138
4560.26 18923
4561.16 17078
4562.07 15156
4562.97 13602
4563.87 12215
4564.77 11279
4565.67 10317
4566.57 9568
4567.47 8683
4568.37 8341
4569.28 7857
4570.18 7398
4571.08 7219
4571.98 7198
4572.88 6962
4573.79 6675
4574.69 6594
4575.59 6323
4576.49 5981
4577.40 5685
4578.30 5652
4579.20 5409
4580.10 5189
4581.01 5199
4581.91 5089
4582.81 4858
4583.72 4858
4584.62 4735
4585.52 4933
4586.42 4911
4587.33 5019
4588.23 5143
4589.14 5223
4590.04 5217
4590.94 5446
4591.85 5492
4592.75 5610
4593.66 5620
4594.56 5662
4595.46 5756
4596.37 5656
4597.27 5740
4598.18 5832
4599.08 6228
4599.99 5913
4600.89 6175
4601.80 6249
4602.70 6494
4603.61 6609
4604.51 6660
4605.42 6975
4606.32 7148
4607.23 7222
4608.13 7366
4609.04 7351
4609.94 7631
4610.85 7765
4611.76 7644
4612.66 8343
4613.57 8245
4614.47 8682
4615.38 8846
4616.29 8913
4617.19 9439
4618.10 9314
4619.01 9134
4619.91 9215
4620.82 9364
4621.73 9521
4622.63 9267
4623.54 9227
4624.45 9173
4625.35 9024
4626.26 9077
4627.17 8927
4628.08 8945
4628.98 8992
4629.89 8917
4630.80 8804
4631.71 8850
4632.61 8908
4633.52 8999
4634.43 9290
4635.34 9549
4636.25 9940
4637.16 10445
4638.06 11054
4638.97 11717
4639.88 12749
4640.79 13290
4641.70 14313
4642.61 15494
4643.52 16073
4644.43 16891
4645.33 17212
4646.24 17676
4647.15 17407
4648.06 17358
4648.97 17116
4649.88 16927
4650.79 16171
4651.70 15888
4652.61 16238
4653.52 16728
4654.43 17519
4655.34 19844
4656.25 22438
4657.16 25555
4658.07 30175
4658.98 34574
4659.89 39279
4660.80 43645
4661.71 47442
4662.63 49631
4663.54 50672
4664.45 51090
4665.36 49934
4666.27 47795
4667.18 44052
4668.09 39297
4669.00 35112
4669.92 30625
4670.83 26594
4671.74 23629
4672.65 20755
4673.56 19092
4674.47 17415
4675.39 16261
4676.30 15942
4677.21 15372
4678.12 14754
4679.04 14179
4679.95 14043
4680.86 13650
4681.77 12695
4682.69 12101
4683.60 11297
4684.51 10365
4685.43 9790
4686.34 9069
4687.25 8485
4688.17 7895
4689.08 7197
4689.99 6796
4690.91 6347
4691.82 6133
4692.73 5933
4693.65 5772
4694.56 5816
4695.48 5829
4696.39 6132
4697.30 6094
4698.22 6315
4699.13 6118
4700.05 6334
4700.96 6533
4701.88 6862
4702.79 6743
4703.71 6885
4704.62 6663
4705.54 6957
4706.45 6680
4707.37 6532
4708.28 6497
4709.20 6504
4710.11 6658
4711.03 6787
4711.94 6722
4712.86 6837
4713.78 6664
4714.69 6710
4715.61 6956
4716.52 6628
4717.44 6719
4718.36 6696
4719.27 6850
4720.19 6870
4721.11 6919
4722.02 6943
4722.94 7008
4723.86 7073
4724.77 7104
4725.69 6885
4726.61 7023
4727.52 6885
4728.44 6551
4729.36 6456
4730.28 5891
4731.19 5949
4732.11 5478
4733.03 5412
4733.95 5162
4734.86 4896
4735.78 4929
4736.70 4645
4737.62 4468
4738.54 4731
4739.45 4605
4740.37 4346
4741.29 4200
4742.21 4023
4743.13 4091
4744.05 4203
4744.97 4098
4745.89 3975
4746.80 3682
4747.72 3560
4748.64 3193
4749.56 3139
4750.48 2759
4751.40 2682
4752.32 2620
4753.24 2269
4754.16 2104
4755.08 1953
4756.00 2083
4756.92 1859
4757.84 1767
4758.76 1798
4759.68 1704
4760.60 1606
4761.52 1594
4762.44 1397
4763.36 1514
4764.28 1396
4765.20 1339
4766.13 1455
4767.05 1049
4767.97 1310
4768.89 1108
4769.81 1145
4770.73 1231
4771.65 978
4772.57 1194
4773.50 970
4774.42 927
4775.34 951
4776.26 904
4777.18 851
4778.11 690
4779.03 780
4779.95 853
4780.87 684
4781.79 728
4782.72 565
4783.64 647
4784.56 605
4785.48 775
4786.41 832
4787.33 665
4788.25 820
4789.18 851
4790.10 940
4791.02 965
4791.95 774
4792.87 844
4793.79 944
4794.72 686
4795.64 968
4796.57 828
4797.49 918
4798.41 864
4799.34 844
4800.26 1003
4801.19 806
4802.11 895
4803.03 934
4803.96 706
4804.88 1092
4805.81 698
4806.73 742
4807.66 848
4808.58 750
4809.51 860
4810.43 731
4811.36 576
4812.28 720
4813.21 768
4814.14 631
4815.06 615
4815.99 576
4816.91 604
4817.84 381
4818.76 529
4819.69 438
4820.62 443
4821.54 452
4822.47 301
4823.40 596
4824.32 275
4825.25 386
4826.18 391
4827.10 418
4828.03 501
4828.96 476
4829.88 510
4830.81 501
4831.74 613
4832.66 647
4833.59 555
4834.52 593
4835.45 539
4836.38 400
4837.30 553
4838.23 457
4839.16 575
4840.09 637
4841.01 223
4841.94 608
4842.87 466
4843.80 342
4844.73 282
4845.66 280
4846.59 426
4847.51 216
4848.44 283
4849.37 406
4850.30 235
4851.23 265
4852.16 77
4853.09 322
4854.02 168
4854.95 11
4855.88 358
4856.81 137
4857.74 -20
4858.67 32
4859.60 51
4860.53 248
4861.46 -89
4862.39 30
4863.32 90
4864.25 -221
4865.18 -72
4866.11 -73
4867.04 64
4867.97 -110
4868.90 -231
4869.83 2
4870.76 -219
4871.69 -217
4872.62 -207
4873.56 -13
4874.49 -63
4875.42 -152
4876.35 -216
4877.28 -105
4878.21 -178
4879.14 -169
4880.08 -376
4881.01 -95
4881.94 -233
4882.87 -407
4883.80 -252
4884.74 -363
4885.67 -267
4886.60 -263
4887.53 -169
4888.47 -14
4889.40 -82
4890.33 -150
4891.27 -108
4892.20 -191
4893.13 -67
4894.06 -191
4895.00 -141
4895.93 -215
4896.87 -37
4897.80 15
4898.73 -2
4899.67 -100
4900.60 -81
4901.53 -248
4902.47 4
4903.40 -76
4904.34 -115
4905.27 -108
4906.20 -59
4907.14 -184
4908.07 -126
4909.01 145
4909.94 -186
4910.88 -106
4911.81 -88
4912.75 -277
4913.68 -176
4914.62 -120
4915.55 -70
4916.49 40
4917.42 -50
4918.36 121
4919.29 3
4920.23 -35
4921.17 -34
4922.10 -59
4923.04 -55
4923.97 170
4924.91 85
4925.85 135
4926.78 -116
4927.72 45
4928.66 136
4929.59 -70
4930.53 204
4931.47 -147
4932.40 -16
4933.34 101
4934.28 -40
4935.21 10
4936.15 -122
4937.09 -173
4938.03 -131
4938.96 -147
4939.90 -4
4940.84 -60
4941.78 -15
4942.71 68
4943.65 -34
4944.59 165
4945.53 -204
4946.47 -132
4947.40 14
4948.34 -51
4949.28 72
4950.22 -119
4951.16 86
4952.10 172
4953.04 224
4953.97 329
4954.91 215
4955.85 359
4956.79 480
4957.73 482
4958.67 775
4959.61 503
4960.55 629
4961.49 792
4962.43 672
4963.37 527
4964.31 684
4965.25 624
4966.19 735
4967.13 440
4968.07 606
4969.01 387
4969.95 400
4970.89 513
4971.83 349
4972.77 532
4973.71 378
4974.65 570
4975.59 582
4976.53 495
4977.48 616
4978.42 608
4979.36 696
4980.30 632
4981.24 631
4982.18 689
4983.12 574
4984.07 905
4985.01 828
4985.95 617
4986.89 942
4987.83 693
4988.78 907
4989.72 873
4990.66 950
4991.60 942
4992.55 689
4993.49 925
4994.43 957
4995.37 835
4996.32 877
4997.26 962
4998.20 1317
4999.15 1333
5000.09 1509
5001.03 1445
5001.98 1337
5002.92 1500
5003.86 1696
5004.81 1531
5005.75 1790
5006.69 1736
5007.64 1710
5008.58 1699
5009.53 1607
5010.47 1790
5011.42 1769
5012.36 1947
5013.30 2259
5014.25 2408
5015.19 2533
5016.14 2683
5017.08 3087
5018.03 3593
5018.97 3614
5019.92 3925
5020.86 3805
5021.81 4199
5022.75 4076
5023.70 3920
5024.65 3979
5025.59 3768
5026.54 3678
5027.48 3530
5028.43 3093
5029.37 3164
5030.32 2784
5031.27 2801
5032.21 2831
5033.16 2357
5034.11 2701
5035.05 2685
5036.00 2784
5036.95 2911
5037.89 2672
5038.84 2855
5039.79 2799
5040.73 3004
5041.68 3027
5042.63 3086
5043.58 3055
5044.52 2928
5045.47 2950
5046.42 2985
5047.37 2841
5048.31 2983
5049.26 2920
5050.21 3158
5051.16 3042
5052.11 3366
5053.05 3706
5054.00 3716
5054.95 4037
5055.90 4483
5056.85 4696
5057.80 5554
5058.75 5719
5059.69 5921
5060.64 6060
5061.59 6272
5062.54 6504
5063.49 6511
5064.44 6387
5065.39 6677
5066.34 6158
5067.29 6112
5068.24 5766
5069.19 5387
5070.14 5153
5071.09 4927
5072.04 4656
5072.99 4492
5073.94 4492
5074.89 4311
5075.84 4229
5076.79 4091
5077.74 4189
5078.69 4346
5079.64 4659
5080.59 4536
5081.54 5084
5082.49 5628
5083.44 6087
5084.40 6904
5085.35 7521
5086.30 8465
5087.25 9081
5088.20 9725
5089.15 10362
5090.10 10916
5091.06 11270
5092.01 11328
5092.96 11253
5093.91 10837
5094.86 10129
5095.82 9340
5096.77 8335
5097.72 7647
5098.67 6963
5099.63 6252
5100.58 5578
5101.53 4982
5102.48 4605
5103.44 4451
5104.39 4006
5105.34 3847
5106.30 3558
5107.25 3469
5108.20 3359
5109.16 2903
5110.11 3236
5111.06 2942
5112.02 2654
5112.97 2534
5113.93 2078
5114.88 2241
5115.83 2055
5116.79 1902
5117.74 1807
5118.70 1601
5119.65 1681
5120.61 1703
5121.56 1479
5122.52 1660
5123.47 1491
5124.43 1684
5125.38 1544
5126.34 1729
5127.29 1509
5128.25 1506
5129.20 1675
5130.16 1402
5131.11 1345
5132.07 1498
5133.02 1305
5133.98 1526
5134.93 1383
5135.89 1344
5136.85 1399
5137.80 1201
5138.76 1449
5139.72 1259
5140.67 1356
5141.63 1438
5142.59 1344
5143.54 1629
5144.50 1346
5145.46 1583
5146.41 1541
5147.37 1419
5148.33 1643
5149.28 1713
5150.24 1859
5151.20 1984
5152.16 1693
5153.11 1975
5154.07 1917
5155.03 2010
5155.99 2052
5156.94 1970
5157.90 2017
5158.86 1808
5159.82 2002
5160.78 1855
5161.74 1909
5162.69 2100
5163.65 1560
5164.61 1819
5165.57 1853
5166.53 1846
5167.49 1980
5168.45 1652
5169.41 1812
5170.37 2012
5171.32 1903
5172.28 2177
5173.24 2016
5174.20 2099
5175.16 2199
5176.12 2030
5177.08 2156
5178.04 2095
5179.00 2083
5179.96 2346
5180.92 2423
5181.88 2422
5182.84 2549
5183.80 2939
5184.76 3423
5185.72 4030
5186.68 5112
5187.65 6250
5188.61 7801
5189.57 9200
5190.53 10846
5191.49 12964
5192.45 14406
5193.41 15927
5194.37 16902
5195.33 17618
5196.30 18142
5197.26 18288
5198.22 17789
5199.18 17422
5200.14 16544
5201.11 15647
5202.07 14209
5203.03 12815
5203.99 11408
5204.95 10107
5205.92 9090
5206.88 7853
5207.84 7160
5208.81 6261
5209.77 5500
5210.73 4990
5211.69 4454
5212.66 4284
5213.62 3881
5214.58 3650
5215.55 3320
5216.51 2833
5217.47 2630
5218.44 2648
5219.40 2195
5220.36 2143
5221.33 1833
5222.29 1533
5223.26 1663
5224.22 1541
5225.19 1534
5226.15 1300
5227.11 1306
5228.08 1231
5229.04 1122
5230.01 1210
5230.97 973
5231.94 1071
5232.90 929
5233.87 870
5234.83 856
5235.80 791
5236.76 794
5237.73 1152
5238.69 1061
5239.66 992
5240.63 937
5241.59 1024
5242.56 947
5243.52 819
5244.49 919
5245.45 926
5246.42 848
5247.39 810
5248.35 692
5249.32 797
5250.29 796
5251.25 787
5252.22 887
5253.19 786
5254.15 903
5255.12 743
5256.09 844
5257.06 825
5258.02 896
5258.99 793
5259.96 745
5260.92 753
5261.89 668
5262.86 525
5263.83 484
5264.80 496
5265.76 539
5266.73 594
5267.70 378
5268.67 274
5269.64 189
5270.60 215
5271.57 90
5272.54 49
5273.51 221
5274.48 176
5275.45 54
5276.42 126
5277.39 165
5278.36 266
5279.32 37
5280.29 178
5281.26 40
5282.23 17
5283.20 -16
5284.17 -91
5285.14 158
5286.11 -30
5287.08 -182
5288.05 6
5289.02 -136
5289.99 -33
5290.96 40
5291.93 -71
5292.90 274
5293.87 160
5294.84 403
5295.81 727
5296.79 749
5297.76 1057
5298.73 1198
5299.70 1701
5300.67 1780
5301.64 1970
5302.61 2201
5303.58 2160
5304.56 1985
5305.53 2170
5306.50 2044
5307.47 2138
5308.44 1787
5309.41 1668
5310.39 1412
5311.36 1095
5312.33 1133
5313.30 723
5314.28 644
5315.25 564
5316.22 461
5317.19 302
5318.17 224
5319.14 351
5320.11 348
5321.09 43
5322.06 170
5323.03 75
5324.00 -100
5324.98 59
5325.95 -173
5326.93 -65
5327.90 -190
5328.87 -181
5329.85 -190
5330.82 -59
5331.79 -225
5332.77 -246
5333.74 -237
5334.72 -140
5335.69 -255
5336.67 -58
5337.64 -139
5338.62 90
5339.59 224
5340.56 -18
5341.54 3
5342.51 54
5343.49 233
5344.46 98
5345.44 58
5346.42 120
5347.39 -45
5348.37 22
5349.34 97
5350.32 -87
5351.29 -118
5352.27 -215
5353.25 -219
5354.22 -216
5355.20 -456
5356.17 -150
5357.15 -285
5358.13 -383
5359.10 -355
5360.08 -560
5361.06 -354
5362.03 -481
5363.01 -479
5363.99 -411
5364.96 -304
5365.94 -207
5366.92 -402
5367.90 -328
5368.87 -319
5369.85 -489
5370.83 -425
5371.81 -397
5372.78 -379
5373.76 -462
5374.74 -328
5375.72 -229
5376.70 -345
5377.67 -401
5378.65 -242
5379.63 -400
5380.61 -206
5381.59 -413
5382.57 -147
5383.54 -42
5384.52 -182
5385.50 -284
5386.48 -383
5387.46 -138
5388.44 19
5389.42 -99
5390.40 233
5391.38 -11
5392.36 -146
5393.34 75
5394.32 -58
5395.30 164
5396.28 208
5397.26 192
5398.24 442
5399.22 260
5400.20 420
5401.18 347
5402.16 496
5403.14 515
5404.12 488
5405.10 667
5406.08 466
5407.06 675
5408.04 490
5409.02 489
5410.00 653
5410.99 627
5411.97 797
5412.95 772
5413.93 704
5414.91 837
5415.89 694
5416.87 886
5417.86 822
5418.84 893
5419.82 960
5420.80 1085
5421.78 1146
5422.77 1171
5423.75 1248
5424.73 1325
5425.71 1439
5426.70 1546
5427.68 1579
5428.66 1662
5429.65 1791
5430.63 1923
5431.61 1853
5432.59 2350
5433.58 2491
5434.56 2795
5435.54 2886
5436.53 3485
5437.51 4209
5438.50 4798
5439.48 5775
5440.46 6631
5441.45 8363
5442.43 9677
5443.42 11082
5444.40 12920
5445.38 14470
5446.37 15644
5447.35 16947
5448.34 17674
5449.32 18052
5450.31 18425
5451.29 18351
5452.28 18163
5453.26 17540
5454.25 16866
5455.23 15704
5456.22 14522
5457.20 13108
5458.19 11830
5459.17 10607
5460.16 9411
5461.15 8647
5462.13 7976
5463.12 7462
5464.10 7058
5465.09 6710
5466.08 6271
5467.06 6012
5468.05 5535
5469.03 5371
5470.02 4898
5471.01 4582
5471.99 4456
5472.98 3946
5473.97 3896
5474.96 3299
5475.94 3266
5476.93 3041
5477.92 2758
5478.90 2870
5479.89 2589
5480.88 2442
5481.87 2577
5482.85 2487
5483.84 2517
5484.83 2232
5485.82 2185
5486.81 2259
5487.79 2078
5488.78 2065
5489.77 2013
5490.76 1984
5491.75 2032
5492.74 1804
5493.72 2035
5494.71 1995
5495.70 2070
5496.69 1966
5497.68 1726
5498.67 1960
5499.66 1874
5500.65 1959
5501.64 1908
5502.63 2021
5503.62 2175
5504.61 2092
5505.60 2219
5506.59 2233
5507.58 2256
5508.57 2333
5509.56 2258
5510.55 2140
5511.54 2298
5512.53 2326
5513.52 2485
5514.51 2259
5515.50 2292
5516.49 2363
5517.48 2073
5518.47 2197
5519.46 2063
5520.45 2129
5521.44 2084
5522.44 1841
5523.43 2039
5524.42 1803
5525.41 1859
5526.40 1937
5527.39 1699
5528.38 1800
5529.38 1548
5530.37 1687
5531.36 1671
5532.35 1593
5533.34 1652
5534.34 1419
5535.33 1368
5536.32 1250
5537.31 1180
5538.31 1435
5539.30 1239
5540.29 1142
5541.29 1207
5542.28 1100
5543.27 1012
5544.27 1001
5545.26 992
5546.25 1051
5547.25 912
5548.24 892
5549.23 982
5550.23 970
5551.22 828
5552.21 715
5553.21 865
5554.20 758
5555.20 917
5556.19 798
5557.18 703
5558.18 861
5559.17 732
5560.17 751
5561.16 805
5562.16 569
5563.15 823
5564.15 724
5565.14 499
5566.14 663
5567.13 485
5568.13 693
5569.12 596
5570.12 594
5571.12 609
5572.11 476
5573.11 602
5574.10 507
5575.10 651
5576.09 503
5577.09 470
5578.09 615
5579.08 535
5580.08 701
5581.08 592
5582.07 485
5583.07 578
5584.07 439
5585.06 529
5586.06 617
5587.06 458
5588.05 459
5589.05 445
5590.05 415
5591.05 512
5592.04 392
5593.04 448
5594.04 308
5595.04 347
5596.03 437
5597.03 424
5598.03 474
5599.03 190
5600.03 379
5601.02 381
5602.02 327
5603.02 410
5604.02 202
5605.02 311
5606.02 201
5607.02 163
5608.02 301
5609.01 212
5610.01 110
5611.01 335
5612.01 210
5613.01 267
5614.01 294
5615.01 355
5616.01 283
5617.01 269
5618.01 328
5619.01 297
5620.01 376
5621.01 320
5622.01 223
5623.01 315
5624.01 189
5625.01 343
5626.01 355
5627.01 316
5628.01 439
5629.01 339
5630.01 192
5631.01 269
5632.02 213
5633.02 323
5634.02 229
5635.02 208
5636.02 270
5637.02 326
5638.02 404
5639.02 290
5640.03 303
5641.03 254
5642.03 143
5643.03 247
5644.03 211
5645.04 213
5646.04 256
5647.04 185
5648.04 397
5649.05 331
5650.05 254
5651.05 370
5652.05 163
5653.06 359
5654.06 302
5655.06 404
5656.07 315
5657.07 237
5658.07 343
5659.08 264
5660.08 276
5661.08 255
5662.09 361
5663.09 492
5664.09 193
5665.10 347
5666.10 347
5667.11 362
5668.11 334
5669.12 277
5670.12 298
5671.12 364
5672.13 288
5673.13 295
5674.14 279
5675.14 301
5676.15 277
5677.15 184
5678.16 353
5679.16 416
5680.17 537
5681.17 432
5682.18 369
5683.18 613
5684.19 415
5685.20 516
5686.20 553
5687.21 595
5688.21 600
5689.22 482
5690.23 588
5691.23 563
5692.24 603
5693.25 573
5694.25 455
5695.26 353
5696.26 396
5697.27 208
5698.28 332
5699.29 369
5700.29 320
5701.30 247
5702.31 233
5703.31 264
5704.32 138
5705.33 195
5706.34 335
5707.34 142
5708.35 179
5709.36 99
5710.37 160
5711.38 218
5712.38 142
5713.39 186
5714.40 6
5715.41 151
5716.42 93
5717.43 93
5718.43 121
5719.44 17
5720.45 112
5721.46 119
5722.47 -18
5723.48 174
5724.49 -43
5725.50 142
5726.51 -131
5727.52 -60
5728.53 24
5729.54 32
5730.55 30
5731.56 103
5732.57 -146
5733.58 139
5734.59 19
5735.60 65
5736.61 -33
5737.62 -110
5738.63 -36
5739.64 -74
5740.65 -24
5741.66 64
5742.67 -16
5743.68 58
5744.69 71
5745.70 57
5746.71 -23
5747.72 -105
5748.74 -97
5749.75 -208
5750.76 -90
5751.77 39
5752.78 -169
5753.79 16
5754.81 -129
5755.82 -94
5756.83 29
5757.84 -141
5758.85 -63
5759.87 -27
5760.88 -76
5761.89 5
5762.90 -35
5763.92 -16
5764.93 -249
5765.94 -155
5766.95 -133
5767.97 -144
5768.98 -76
5769.99 -186
5771.01 -24
5772.02 -42
5773.03 -287
5774.05 -53
5775.06 -246
5776.07 -243
5777.09 -169
5778.10 -223
5779.12 -188
5780.13 -293
5781.14 -213
5782.16 -87
5783.17 -244
5784.19 -31
5785.20 -192
5786.22 -105
5787.23 -132
5788.25 -186
5789.26 -87
5790.28 -196
5791.29 -227
5792.31 -152
5793.32 -190
5794.34 -116
5795.35 -102
5796.37 -175
5797.38 -88
5798.40 -202
5799.41 -53
5800.43 -190
5801.45 -39
5802.46 -2
5803.48 -57
5804.49 144
5805.51 -86
5806.53 -83
5807.54 116
5808.56 -39
5809.58 -15
5810.59 1
5811.61 -1
5812.63 -66
5813.64 -75
5814.66 4
5815.68 -166
5816.70 50
5817.71 38
5818.73 1
5819.75 142
5820.77 -116
5821.78 -14
5822.80 52
5823.82 10
5824.84 100
5825.85 -26
5826.87 98
5827.89 106
5828.91 110
5829.93 183
5830.95 170
5831.97 245
5832.98 268
5834.00 330
5835.02 384
5836.04 395
5837.06 465
5838.08 468
5839.10 305
5840.12 417
5841.14 448
5842.16 387
5843.18 464
5844.20 368
5845.21 514
5846.23 406
5847.25 485
5848.27 490
5849.29 364
5850.31 411
5851.34 240
5852.36 294
5853.38 300
5854.40 232
5855.42 325
5856.44 265
5857.46 218
5858.48 284
5859.50 226
5860.52 370
5861.54 204
5862.56 300
5863.59 379
5864.61 279
5865.63 501
5866.65 260
5867.67 388
5868.69 599
5869.72 438
5870.74 601
5871.76 707
5872.78 890
5873.80 880
5874.83 859
5875.85 1218
5876.87 1132
5877.89 1292
5878.92 1674
5879.94 1855
5880.96 2260
5881.98 2365
5883.01 2838
5884.03 3235
5885.05 3558
5886.08 4105
5887.10 4504
5888.12 5277
5889.15 5530
5890.17 5953
5891.19 6135
5892.22 6212
5893.24 6374
5894.27 6128
5895.29 5416
5896.31 5191
5897.34 4380
5898.36 4057
5899.39 3615
5900.41 3252
5901.44 3093
5902.46 2562
5903.49 2473
5904.51 2438
5905.54 2263
5906.56 2305
5907.59 2174
5908.61 2212
5909.64 2040
5910.66 1859
5911.69 2093
5912.71 2064
5913.74 1961
5914.77 2012
5915.79 1726
5916.82 2023
5917.84 2039
5918.87 1925
5919.90 1949
5920.92 1884
5921.95 1946
5922.97 1677
5924.00 1765
5925.03 1819
5926.05 1626
5927.08 1657
5928.11 1708
5929.14 1506
5930.16 1502
5931.19 1476
5932.22 1464
5933.24 1375
5934.27 1261
5935.30 1261
5936.33 1088
5937.35 1198
5938.38 1111
5939.41 998
5940.44 1098
5941.47 999
5942.49 1060
5943.52 1068
5944.55 816
5945.58 889
5946.61 917
5947.64 891
5948.67 637
5949.69 658
5950.72 730
5951.75 654
5952.78 685
5953.81 521
5954.84 594
5955.87 545
5956.90 384
5957.93 508
5958.96 485
5959.99 378
5961.02 397
5962.05 311
5963.08 302
5964.11 232
5965.14 262
5966.17 371
5967.20 419
5968.23 352
5969.26 220
5970.29 386
5971.32 475
5972.35 441
5973.38 563
5974.41 505
5975.44 508
5976.47 623
5977.50 600
5978.54 716
5979.57 565
5980.60 582
5981.63 673
5982.66 620
5983.69 505
5984.73 452
5985.76 352
5986.79 321
5987.82 230
5988.85 254
5989.89 175
5990.92 175
5991.95 148
5992.98 55
5994.02 4
5995.05 -102
5996.08 -61
5997.11 -111
5998.15 -146
5999.18 -137
6000.21 -132