697.81 691
698.16 1060
698.51 489
698.86 191
699.22 578
699.57 371
699.92 419
700.27 487
700.62 102
700.97 358
701.32 514
701.67 124
702.02 379
702.38 549
702.73 4
703.08 273
703.43 233
703.78 -5
704.13 426
704.49 309
704.84 29
705.19 418
705.54 185
705.89 188
706.25 593
706.60 212
706.95 217
707.30 460
707.66 57
708.01 173
708.36 362
708.72 215
709.07 765
709.42 421
709.78 13
710.13 557
710.48 350
710.84 91
711.19 506
711.54 138
711.90 67
712.25 355
712.61 -23
712.96 106
713.31 538
713.67 157
714.02 100
714.38 372
714.73 105
715.09 316
715.44 747
715.79 95
716.15 352
716.50 512
716.86 102
717.21 554
717.57 458
717.93 154
718.28 422
718.64 181
718.99 182
719.35 471
719.70 99
720.06 373
720.42 559
720.77 93
721.13 315
721.48 411
721.84 139
722.20 366
722.55 226
722.91 106
723.27 415
723.62 156
723.98 77
724.34 308
724.69 116
725.05 70
725.41 328
725.76 -79
726.12 81
726.48 179
726.84 -191
727.19 98
727.55 27
727.91 -163
728.27 136
728.63 -22
728.98 -100
729.34 92
729.70 -52
730.06 -104
730.42 126
730.78 -46
731.13 40
731.49 115
731.85 -179
732.21 112
732.57 -56
732.93 -113
733.29 166
733.65 -12
734.01 -179
734.36 266
734.72 -104
735.08 9
735.44 319
735.80 -148
736.16 5
736.52 81
736.88 -121
737.24 179
737.60 68
737.96 -183
738.32 76
738.68 -47
739.04 133
739.41 329
739.77 -57
740.13 -84
740.49 206
740.85 -153
741.21 21
741.57 107
741.93 -217
742.29 113
742.65 17
743.02 -49
743.38 242
743.74 -9
744.10 -80
744.46 228
744.82 -104
745.19 19
745.55 250
745.91 -162
746.27 251
746.64 378
747.00 94
747.36 329
747.72 73
748.09 -17
748.45 196
748.81 18
749.17 91
749.54 363
749.90 7
750.26 141
750.63 311
750.99 -41
751.35 237
751.72 99
752.08 -128
752.44 240
752.81 6
753.17 48
753.54 318
753.90 -62
754.26 187
754.63 244
754.99 -57
755.36 348
755.72 140
756.09 101
756.45 495
756.82 278
757.18 432
757.55 562
757.91 213
758.28 407
758.64 327
759.01 101
759.37 335
759.74 166
760.10 -10
760.47 342
760.84 207
761.20 186
761.57 445
761.93 99
762.30 187
762.67 402
763.03 -3
763.40 402
763.76 195
764.13 57
764.50 248
764.86 46
765.23 241
765.60 297
765.97 76
766.33 149
766.70 120
767.07 48
767.43 224
767.80 96
768.17 -42
768.54 175
768.90 5
769.27 14
769.64 206
770.01 -23
770.38 258
770.74 131
771.11 -15
771.48 393
771.85 157
772.22 63
772.59 318
772.96 -20
773.32 213
773.69 221
774.06 128
774.43 1618
774.80 1094
775.17 457
775.54 1151
775.91 345
776.28 269
776.65 306
777.02 74
777.39 229
777.76 58
778.13 47
778.50 418
778.87 131
779.24 89
779.61 285
779.98 -22
780.35 133
780.72 283
781.09 110
781.46 358
781.83 226
782.20 121
782.57 316
782.94 91
783.31 61
783.69 210
784.06 -56
784.43 247
784.80 93
785.17 57
785.54 442
785.91 -53
786.29 68
786.66 293
787.03 -34
787.40 218
787.77 132
788.15 -83
788.52 202
788.89 85
789.26 52
789.64 370
790.01 29
790.38 78
790.76 218
791.13 20
791.50 159
791.87 41
792.25 14
792.62 194
792.99 16
793.37 177
793.74 202
794.12 2
794.49 212
794.86 54
795.24 64
795.61 457
795.99 129
796.36 117
796.73 238
797.11 -26
797.48 184
797.86 137
798.23 13
798.61 142
798.98 43
799.36 128
799.73 214
800.11 -119
800.48 85
800.86 69
801.23 -70
801.61 290
801.98 -18
802.36 116
802.74 503
803.11 55
803.49 322
803.86 285
804.24 -14
804.61 253
804.99 -5
805.37 1113
805.74 3624
806.12 1438
806.50 1339
806.87 1384
807.25 286
807.63 598
808.00 91
808.38 -8
808.76 170
809.14 -95
809.51 146
809.89 258
810.27 -107
810.65 196
811.02 43
811.40 -4
811.78 189
812.16 28
812.53 248
812.91 151
813.29 39
813.67 227
814.05 -65
814.43 106
814.80 147
815.18 3
815.56 158
815.94 49
816.32 -39
816.70 243
817.08 19
817.46 253
817.84 217
818.22 -151
818.59 272
818.97 -61
819.35 15
819.73 238
820.11 -53
820.49 228
820.87 110
821.25 -67
821.63 198
822.01 5
822.39 93
822.77 262
823.15 -80
823.54 221
823.92 168
824.30 -75
824.68 297
825.06 4
825.44 113
825.82 201
826.20 22
826.58 195
826.96 48
827.35 -6
827.73 288
828.11 -24
828.49 49
828.87 176
829.25 -35
829.64 154
830.02 -4
830.40 -126
830.78 67
831.17 -112
831.55 -60
831.93 -19
832.31 -231
832.70 67
833.08 -128
833.46 -54
833.84 31
834.23 -188
834.61 85
834.99 6
835.38 -76
835.76 87
836.14 -87
836.53 71
836.91 59
837.29 -23
837.68 85
838.06 -135
838.45 4
838.83 94
839.21 -58
839.60 112
839.98 124
840.37 3
840.75 376
841.14 222
841.52 1003
841.91 371
842.29 159
842.68 400
843.06 -9
843.45 235
843.83 432
844.22 86
844.60 264
844.99 98
845.37 -12
845.76 130
846.14 -69
846.53 59
846.92 -7
847.30 -116
847.69 24
848.07 -74
848.46 -99
848.85 6
849.23 -96
849.62 7
850.01 -20
850.39 -77
850.78 67
851.17 -68
851.55 83
851.94 65
852.33 -115
852.72 186
853.10 108
853.49 39
853.88 272
854.27 90
854.65 251
855.04 125
855.43 205
855.82 568
856.20 325
856.59 381
856.98 600
857.37 2876
857.76 2415
858.15 910
858.54 1913
858.92 750
859.31 798
859.70 1011
860.09 321
860.48 446
860.87 333
861.26 32
861.65 375
862.04 168
862.43 106
862.82 517
863.20 173
863.59 301
863.98 279
864.37 -49
864.76 187
865.15 87
865.54 70
865.93 95
866.33 19
866.72 187
867.11 104
867.50 66
867.89 164
868.28 5
868.67 180
869.06 182
869.45 67
869.84 146
870.23 33
870.62 217
871.02 91
871.41 127
871.80 202
872.19 17
872.58 74
872.97 89
873.37 77
873.76 108
874.15 -14
874.54 107
874.93 110
875.33 51
875.72 92
876.11 -46
876.50 -39
876.90 66
877.29 -115
877.68 72
878.08 49
878.47 33
878.86 173
879.26 67
879.65 145
880.04 129
880.44 8
880.83 144
881.22 -57
881.62 132
882.01 148
882.40 47
882.80 202
883.19 -1
883.59 20
883.98 69
884.38 -26
884.77 141
885.16 -80
885.56 1
885.95 91
886.35 -91
886.74 130
887.14 57
887.53 64
887.93 64
888.32 -67
888.72 137
889.12 58
889.51 42
889.91 96
890.30 -95
890.70 87
891.09 142
891.49 7
891.89 19
892.28 -81
892.68 76
893.07 48
893.47 126
893.87 205
894.26 5
894.66 117
895.06 231
895.45 16
895.85 154
896.25 -17
896.65 166
897.04 77
897.44 88
897.84 278
898.23 70
898.63 204
899.03 136
899.43 77
899.83 197
900.22 -36
900.62 143
901.02 166
901.42 -137
901.82 85
902.21 -18
902.61 9
903.01 131
903.41 -109
903.81 108
904.21 7
904.61 56
905.01 205
905.40 -40
905.80 181
906.20 79
906.60 276
907.00 1076
907.40 497
907.80 662
908.20 469
908.60 87
909.00 370
909.40 210
909.80 578
910.20 508
910.60 243
911.00 321
911.40 164
911.80 308
912.20 47
912.60 77
913.00 104
913.40 -75
913.81 -22
914.21 10
914.61 4
915.01 54
915.41 -98
915.81 6
916.21 -2
916.61 44
917.02 279
917.42 -13
917.82 215
918.22 83
918.62 116
919.02 199
919.43 -47
919.83 75
920.23 25
920.63 43
921.04 188
921.44 145
921.84 145
922.24 -22
922.65 78
923.05 204
923.45 101
923.86 309
924.26 127
924.66 119
925.07 152
925.47 63
925.87 162
926.28 88
926.68 28
927.08 30
927.49 42
927.89 36
928.30 0
928.70 86
929.10 221
929.51 16
929.91 133
930.32 14
930.72 168
931.13 138
931.53 -41
931.94 80
932.34 -10
932.75 100
933.15 65
933.56 89
933.96 126
934.37 4
934.77 38
935.18 40
935.58 -33
935.99 70
936.40 49
936.80 146
937.21 54
937.61 5
938.02 148
938.43 -128
938.83 8
939.24 -19
939.65 27
940.05 119
940.46 -36
940.87 18
941.27 -27
941.68 -31
942.09 44
942.49 -65
942.90 81
943.31 -150
943.72 4
944.12 -44
944.53 -93
944.94 264
945.35 20
945.76 136
946.16 114
946.57 -21
946.98 192
947.39 39
947.80 41
948.20 48
948.61 65
949.02 189
949.43 54
949.84 87
950.25 101
950.66 11
951.07 176
951.47 151
951.88 159
952.29 73
952.70 47
953.11 235
953.52 34
953.93 127
954.34 -4
954.75 178
955.16 295
955.57 169
955.98 228
956.39 120
956.80 127
957.21 112
957.62 37
958.03 93
958.44 -11
958.85 116
959.26 99
959.68 62
960.09 192
960.50 -50
960.91 165
961.32 35
961.73 157
962.14 191
962.55 -53
962.97 57
963.38 -69
963.79 158
964.20 21
964.61 -19
965.02 73
965.44 32
965.85 116
966.26 70
966.67 -70
967.09 110
967.50 -7
967.91 125
968.32 -64
968.74 -33
969.15 5
969.56 -136
969.98 -2
970.39 -51
970.80 71
971.22 74
971.63 -35
972.04 125
972.46 -58
972.87 20
973.28 30
973.70 -34
974.11 -5
974.53 -92
974.94 37
975.35 41
975.77 48
976.18 196
976.60 -22
977.01 87
977.43 -12
977.84 34
978.26 53
978.67 -176
979.09 30
979.50 -75
979.92 60
980.33 3
980.75 -8
981.16 6
981.58 -69
981.99 33
982.41 -80
982.82 -4
983.24 -32
983.66 -31
984.07 143
984.49 -4
984.90 38
985.32 -8
985.74 -87
986.15 24
986.57 -99
986.99 -47
987.40 -68
987.82 69
988.24 -78
988.66 -106
989.07 109
989.49 -117
989.91 68
990.32 -37
990.74 -11
991.16 57
991.58 -54
991.99 151
992.41 -118
992.83 -51
993.25 3
993.67 -12
994.08 65
994.50 -54
994.92 77
995.34 -69
995.76 -66
996.18 113
996.60 -101
997.01 54
997.43 -90
997.85 82
998.27 -14
998.69 72
999.11 -11
999.53 -130
999.95 76
1000.37 -68
1000.79 -37
1001.21 116
1001.63 -40
1002.05 22
1002.47 -33
1002.89 97
1003.31 103
1003.73 -80
1004.15 67
1004.57 -34
1004.99 141
1005.41 49
1005.83 45
1006.25 73
1006.67 -34
1007.09 121
1007.51 14
1007.93 133
1008.36 67
1008.78 61
1009.20 72
1009.62 31
1010.04 53
1010.46 -20
1010.88 60
1011.31 -140
1011.73 -77
1012.15 -47
1012.57 -49
1012.99 2
1013.42 1
1013.84 78
1014.26 84
1014.68 -27
1015.11 28
1015.53 -4
1015.95 72
1016.37 -6
1016.80 48
1017.22 73
1017.64 -3
1018.07 134
1018.49 26
1018.91 97
1019.34 22
1019.76 13
1020.18 97
1020.61 46
1021.03 572
1021.46 439
1021.88 216
1022.30 346
1022.73 14
1023.15 220
1023.58 88
1024.00 253
1024.43 147
1024.85 119
1025.28 76
1025.70 32
1026.12 75
1026.55 -47
1026.97 56
1027.40 -14
1027.83 98
1028.25 130
1028.68 91
1029.10 140
1029.53 100
1029.95 109
1030.38 128
1030.80 179
1031.23 178
1031.66 99
1032.08 232
1032.51 172
1032.94 220
1033.36 59
1033.79 70
1034.21 151
1034.64 80
1035.07 181
1035.49 104
1035.92 97
1036.35 106
1036.78 99
1037.20 197
1037.63 -7
1038.06 238
1038.49 160
1038.91 87
1039.34 129
1039.77 76
1040.20 108
1040.62 82
1041.05 116
1041.48 7
1041.91 55
1042.34 148
1042.76 134
1043.19 168
1043.62 52
1044.05 105
1044.48 67
1044.91 154
1045.34 368
1045.77 149
1046.19 294
1046.62 327
1047.05 1475
1047.48 1800
1047.91 1018
1048.34 1432
1048.77 739
1049.20 622
1049.63 207
1050.06 336
1050.49 188
1050.92 126
1051.35 72
1051.78 133
1052.21 268
1052.64 -26
1053.07 110
1053.50 62
1053.93 -1
1054.36 52
1054.79 -83
1055.22 41
1055.66 -13
1056.09 -161
1056.52 -15
1056.95 -80
1057.38 32
1057.81 25
1058.24 43
1058.67 -44
1059.11 145
1059.54 74
1059.97 107
1060.40 183
1060.83 134
1061.27 157
1061.70 -39
1062.13 162
1062.56 63
1063.00 159
1063.43 85
1063.86 8
1064.29 122
1064.73 63
1065.16 133
1065.59 -28
1066.03 139
1066.46 84
1066.89 38
1067.33 256
1067.76 -2
1068.19 247
1068.63 128
1069.06 117
1069.49 241
1069.93 87
1070.36 92
1070.80 93
1071.23 130
1071.66 57
1072.10 138
1072.53 62
1072.97 89
1073.40 137
1073.84 104
1074.27 285
1074.71 189
1075.14 266
1075.58 135
1076.01 350
1076.45 362
1076.88 325
1077.32 355
1077.75 222
1078.19 382
1078.62 285
1079.06 420
1079.50 455
1079.93 410
1080.37 475
1080.80 423
1081.24 855
1081.68 735
1082.11 891
1082.55 918
1082.98 1272
1083.42 1440
1083.86 1288
1084.30 1119
1084.73 754
1085.17 828
1085.61 545
1086.04 458
1086.48 545
1086.92 490
1087.36 543
1087.79 401
1088.23 500
1088.67 403
1089.11 447
1089.54 379
1089.98 379
1090.42 337
1090.86 224
1091.30 671
1091.73 335
1092.17 372
1092.61 307
1093.05 239
1093.49 185
1093.93 239
1094.37 236
1094.80 178
1095.24 358
1095.68 245
1096.12 296
1096.56 198
1097.00 268
1097.44 356
1097.88 285
1098.32 324
1098.76 190
1099.20 338
1099.64 239
1100.08 505
1100.52 401
1100.96 418
1101.40 494
1101.84 461
1102.28 580
1102.72 452
1103.16 491
1103.60 345
1104.04 240
1104.48 348
1104.92 328
1105.37 411
1105.81 254
1106.25 396
1106.69 214
1107.13 450
1107.57 347
1108.01 408
1108.46 485
1108.90 399
1109.34 450
1109.78 329
1110.22 1240
1110.66 1006
1111.11 996
1111.55 1222
1111.99 2762
1112.43 7611
1112.88 3779
1113.32 4955
1113.76 2995
1114.20 2252
1114.65 1968
1115.09 1012
1115.53 1007
1115.98 640
1116.42 655
1116.86 504
1117.31 1023
1117.75 581
1118.19 805
1118.64 602
1119.08 494
1119.53 472
1119.97 345
1120.41 458
1120.86 263
1121.30 408
1121.75 226
1122.19 477
1122.64 148
1123.08 421
1123.52 344
1123.97 297
1124.41 328
1124.86 251
1125.30 368
1125.75 282
1126.19 617
1126.64 634
1127.08 611
1127.53 700
1127.98 920
1128.42 2034
1128.87 1116
1129.31 1531
1129.76 1161
1130.20 989
1130.65 793
1131.10 677
1131.54 617
1131.99 580
1132.44 775
1132.88 661
1133.33 866
1133.78 613
1134.22 892
1134.67 890
1135.12 767
1135.56 817
1136.01 971
1136.46 1506
1136.91 1199
1137.35 1612
1137.80 2413
1138.25 3455
1138.70 3397
1139.14 2835
1139.59 1951
1140.04 1423
1140.49 1161
1140.94 894
1141.38 960
1141.83 843
1142.28 1357
1142.73 1150
1143.18 1365
1143.63 1563
1144.07 2569
1144.52 3867
1144.97 2439
1145.42 3273
1145.87 2548
1146.32 2988
1146.77 2346
1147.22 1840
1147.67 1209
1148.12 1099
1148.57 970
1149.02 868
1149.47 999
1149.92 825
1150.37 1344
1150.82 952
1151.27 1178
1151.72 892
1152.17 853
1152.62 664
1153.07 540
1153.52 700
1153.97 964
1154.42 3339
1154.87 2071
1155.32 2229
1155.77 1626
1156.22 1211
1156.67 1095
1157.13 804
1157.58 723
1158.03 715
1158.48 693
1158.93 562
1159.38 932
1159.84 553
1160.29 986
1160.74 800
1161.19 739
1161.64 688
1162.10 691
1162.55 709
1163.00 478
1163.45 630
1163.91 405
1164.36 534
1164.81 430
1165.26 565
1165.72 508
1166.17 538
1166.62 500
1167.08 577
1167.53 655
1167.98 617
1168.44 720
1168.89 594
1169.34 665
1169.80 572
1170.25 722
1170.71 731
1171.16 539
1171.61 618
1172.07 647
1172.52 665
1172.98 631
1173.43 624
1173.89 779
1174.34 1052
1174.79 903
1175.25 1194
1175.70 1758
1176.16 8745
1176.61 11628
1177.07 6787
1177.53 8835
1177.98 4197
1178.44 5114
1178.89 2426
1179.35 2338
1179.80 1353
1180.26 948
1180.71 689
1181.17 1073
1181.63 1227
1182.08 828
1182.54 1183
1183.00 515
1183.45 702
1183.91 353
1184.36 504
1184.82 244
1185.28 236
1185.74 117
1186.19 361
1186.65 305
1187.11 307
1187.56 364
1188.02 244
1188.48 426
1188.94 286
1189.39 447
1189.85 485
1190.31 690
1190.77 702
1191.22 1175
1191.68 1436
1192.14 4125
1192.60 5796
1193.06 3476
1193.52 4504
1193.97 2360
1194.43 2701
1194.89 1451
1195.35 1325
1195.81 884
1196.27 725
1196.73 507
1197.19 578
1197.64 572
1198.10 518
1198.56 600
1199.02 411
1199.48 484
1199.94 126
1200.40 292
1200.86 219
1201.32 346
1201.78 108
1202.24 151
1202.70 131
1203.16 152
1203.62 225
1204.08 188
1204.54 164
1205.00 17
1205.46 74
1205.92 114
1206.39 225
1206.85 92
1207.31 317
1207.77 125
1208.23 401
1208.69 236
1209.15 303
1209.61 373
1210.08 271
1210.54 518
1211.00 324
1211.46 525
1211.92 283
1212.38 364
1212.85 181
1213.31 259
1213.77 356
1214.23 1336
1214.70 1156
1215.16 810
1215.62 956
1216.08 642
1216.55 753
1217.01 248
1217.47 423
1217.93 42
1218.40 263
1218.86 23
1219.32 158
1219.79 74
1220.25 -21
1220.71 92
1221.18 65
1221.64 -70
1222.11 -144
1222.57 -44
1223.03 18
1223.50 -9
1223.96 -49
1224.43 178
1224.89 16
1225.36 26
1225.82 -2
1226.28 49
1226.75 3
1227.21 127
1227.68 -3
1228.14 76
1228.61 40
1229.07 25
1229.54 8
1230.01 112
1230.47 515
1230.94 156
1231.40 403
1231.87 124
1232.33 249
1232.80 44
1233.26 81
1233.73 -19
1234.20 39
1234.66 42
1235.13 21
1235.60 8
1236.06 73
1236.53 199
1237.00 -15
1237.46 167
1237.93 31
1238.40 249
1238.86 2
1239.33 156
1239.80 54
1240.27 63
1240.73 95
1241.20 51
1241.67 8
1242.14 55
1242.60 38
1243.07 -165
1243.54 -105
1244.01 -158
1244.47 -6
1244.94 -86
1245.41 33
1245.88 -130
1246.35 131
1246.82 -53
1247.29 -131
1247.75 -32
1248.22 -126
1248.69 -100
1249.16 -86
1249.63 -181
1250.10 -107
1250.57 -22
1251.04 -89
1251.51 -60
1251.98 -98
1252.45 80
1252.92 -92
1253.39 74
1253.85 -73
1254.32 37
1254.79 -67
1255.27 48
1255.74 4
1256.21 -48
1256.68 66
1257.15 -45
1257.62 81
1258.09 81
1258.56 307
1259.03 347
1259.50 330
1259.97 37
1260.44 120
1260.91 -32
1261.38 -143
1261.86 -80
1262.33 96
1262.80 -12
1263.27 3
1263.74 -14
1264.21 157
1264.69 57
1265.16 62
1265.63 74
1266.10 118
1266.57 199
1267.05 234
1267.52 350
1267.99 165
1268.46 195
1268.94 70
1269.41 46
1269.88 18
1270.36 -7
1270.83 -77
1271.30 -126
1271.78 -136
1272.25 10
1272.72 34
1273.20 -79
1273.67 -16
1274.14 -112
1274.62 -32
1275.09 13
1275.56 55
1276.04 -26
1276.51 -10
1276.99 -67
1277.46 24
1277.94 96
1278.41 131
1278.88 55
1279.36 42
1279.83 -29
1280.31 -14
1280.78 -68
1281.26 6
1281.73 -3
1282.21 5
1282.68 -113
1283.16 -54
1283.63 -152
1284.11 -42
1284.59 -39
1285.06 -37
1285.54 99
1286.01 -25
1286.49 -13
1286.96 -46
1287.44 -23
1287.92 -37
1288.39 53
1288.87 36
1289.35 -90
1289.82 -18
1290.30 153
1290.78 -53
1291.25 61
1291.73 83
1292.21 25
1292.68 84
1293.16 12
1293.64 108
1294.12 -17
1294.59 69
1295.07 30
1295.55 65
1296.03 -46
1296.50 127
1296.98 58
1297.46 123
1297.94 -86
1298.42 15
1298.89 -9
1299.37 106
1299.85 62
1300.33 76
1300.81 67
1301.29 392
1301.77 450
1302.25 315
1302.72 530
1303.20 270
1303.68 519
1304.16 230
1304.64 322
1305.12 143
1305.60 429
1306.08 282
1306.56 220
1307.04 244
1307.52 149
1308.00 171
1308.48 261
1308.96 289
1309.44 431
1309.92 370
1310.40 428
1310.88 357
1311.36 217
1311.84 239
1312.32 119
1312.80 157
1313.28 185
1313.77 103
1314.25 90
1314.73 105
1315.21 153
1315.69 235
1316.17 105
1316.65 266
1317.13 116
1317.62 275
1318.10 96
1318.58 91
1319.06 62
1319.54 180
1320.03 38
1320.51 85
1320.99 18
1321.47 335
1321.96 268
1322.44 178
1322.92 145
1323.40 211
1323.89 228
1324.37 83
1324.85 112
1325.34 85
1325.82 128
1326.30 145
1326.79 4
1327.27 40
1327.75 139
1328.24 118
1328.72 154
1329.20 90
1329.69 145
1330.17 -29
1330.66 152
1331.14 129
1331.62 302
1332.11 243
1332.59 614
1333.08 406
1333.56 616
1334.05 370
1334.53 384
1335.02 291
1335.50 256
1335.99 129
1336.47 207
1336.96 48
1337.44 250
1337.93 26
1338.41 85
1338.90 114
1339.39 122
1339.87 163
1340.36 83
1340.84 117
1341.33 108
1341.82 59
1342.30 176
1342.79 114
1343.27 162
1343.76 142
1344.25 126
1344.73 188
1345.22 134
1345.71 218
1346.19 172
1346.68 297
1347.17 304
1347.66 571
1348.14 442
1348.63 638
1349.12 1384
1349.61 3819
1350.09 2467
1350.58 3294
1351.07 1951
1351.56 1912
1352.04 950
1352.53 849
1353.02 430
1353.51 348
1354.00 178
1354.49 209
1354.97 288
1355.46 282
1355.95 252
1356.44 124
1356.93 -5
1357.42 -39
1357.91 -47
1358.40 6
1358.89 -25
1359.38 35
1359.86 -24
1360.35 44
1360.84 -48
1361.33 -78
1361.82 -12
1362.31 84
1362.80 171
1363.29 400
1363.78 707
1364.27 431
1364.76 724
1365.25 1230
1365.74 1873
1366.24 1365
1366.73 1423
1367.22 787
1367.71 771
1368.20 442
1368.69 363
1369.18 217
1369.67 287
1370.16 185
1370.65 233
1371.15 238
1371.64 294
1372.13 188
1372.62 165
1373.11 87
1373.60 139
1374.10 70
1374.59 77
1375.08 64
1375.57 144
1376.07 69
1376.56 188
1377.05 117
1377.54 448
1378.04 314
1378.53 330
1379.02 313
1379.51 313
1380.01 234
1380.50 333
1380.99 481
1381.49 966
1381.98 755
1382.47 1124
1382.97 778
1383.46 698
1383.96 529
1384.45 415
1384.94 366
1385.44 307
1385.93 244
1386.43 223
1386.92 233
1387.41 569
1387.91 481
1388.40 513
1388.90 302
1389.39 191
1389.89 192
1390.38 256
1390.88 158
1391.37 247
1391.87 369
1392.36 235
1392.86 97
1393.35 103
1393.85 214
1394.34 154
1394.84 370
1395.34 215
1395.83 278
1396.33 201
1396.82 288
1397.32 480
1397.82 694
1398.31 584
1398.81 645
1399.31 568
1399.80 433
1400.30 287
1400.80 398
1401.29 274
1401.79 299
1402.29 256
1402.78 476
1403.28 494
1403.78 833
1404.28 603
1404.77 728
1405.27 496
1405.77 459
1406.27 294
1406.76 268
1407.26 380
1407.76 327
1408.26 309
1408.76 543
1409.25 429
1409.75 572
1410.25 430
1410.75 605
1411.25 746
1411.75 812
1412.25 713
1412.75 709
1413.24 544
1413.74 783
1414.24 653
1414.74 837
1415.24 844
1415.74 1013
1416.24 888
1416.74 879
1417.24 811
1417.74 941
1418.24 756
1418.74 661
1419.24 571
1419.74 776
1420.24 775
1420.74 827
1421.24 718
1421.74 691
1422.24 495
1422.74 705
1423.24 564
1423.74 612
1424.24 507
1424.75 623
1425.25 668
1425.75 696
1426.25 717
1426.75 748
1427.25 709
1427.75 603
1428.26 718
1428.76 792
1429.26 863
1429.76 889
1430.26 761
1430.77 902
1431.27 1030
1431.77 1057
1432.27 1241
1432.77 1743
1433.28 1619
1433.78 2196
1434.28 6689
1434.79 15389
1435.29 11532
1435.79 14194
1436.29 8555
1436.80 8327
1437.30 4523
1437.80 4026
1438.31 2301
1438.81 1945
1439.31 1153
1439.82 1347
1440.32 1707
1440.83 1294
1441.33 1500
1441.83 888
1442.34 849
1442.84 643
1443.35 645
1443.85 489
1444.36 386
1444.86 362
1445.36 385
1445.87 521
1446.37 638
1446.88 848
1447.38 753
1447.89 754
1448.39 705
1448.90 851
1449.41 824
1449.91 949
1450.42 2117
1450.92 2951
1451.43 2568
1451.93 2722
1452.44 2122
1452.95 1983
1453.45 1969
1453.96 1890
1454.46 1624
1454.97 1421
1455.48 1281
1455.98 1270
1456.49 1338
1457.00 1176
1457.50 1233
1458.01 933
1458.52 815
1459.02 786
1459.53 760
1460.04 609
1460.55 588
1461.05 547
1461.56 557
1462.07 486
1462.58 561
1463.08 520
1463.59 498
1464.10 404
1464.61 458
1465.12 533
1465.62 661
1466.13 1022
1466.64 3241
1467.15 2635
1467.66 3043
1468.17 1994
1468.68 1894
1469.18 1218
1469.69 974
1470.20 535
1470.71 646
1471.22 464
1471.73 491
1472.24 1112
1472.75 2094
1473.26 1654
1473.77 1916
1474.28 1259
1474.79 1192
1475.30 843
1475.81 660
1476.32 492
1476.83 419
1477.34 348
1477.85 428
1478.36 401
1478.87 396
1479.38 382
1479.89 278
1480.40 292
1480.91 237
1481.42 282
1481.93 197
1482.45 454
1482.96 580
1483.47 489
1483.98 446
1484.49 360
1485.00 306
1485.51 335
1486.03 301
1486.54 162
1487.05 180
1487.56 195
1488.07 242
1488.59 545
1489.10 415
1489.61 453
1490.12 342
1490.64 537
1491.15 336
1491.66 471
1492.17 374
1492.69 325
1493.20 262
1493.71 225
1494.23 293
1494.74 468
1495.25 288
1495.77 402
1496.28 988
1496.79 1870
1497.31 1421
1497.82 1474
1498.34 1095
1498.85 1026
1499.36 674
1499.88 653
1500.39 429
1500.91 381
1501.42 205
1501.94 157
1502.45 322
1502.96 268
1503.48 304
1503.99 254
1504.51 554
1505.02 526
1505.54 435
1506.05 396
1506.57 392
1507.09 236
1507.60 278
1508.12 190
1508.63 251
1509.15 87
1509.66 133
1510.18 180
1510.70 266
1511.21 247
1511.73 362
1512.24 260
1512.76 267
1513.28 156
1513.79 298
1514.31 180
1514.83 225
1515.34 216
1515.86 320
1516.38 232
1516.89 295
1517.41 203
1517.93 287
1518.45 286
1518.96 193
1519.48 138
1520.00 200
1520.52 272
1521.03 230
1521.55 322
1522.07 254
1522.59 341
1523.11 439
1523.63 730
1524.14 641
1524.66 615
1525.18 469
1525.70 414
1526.22 321
1526.74 267
1527.26 195
1527.77 185
1528.29 143
1528.81 122
1529.33 48
1529.85 126
1530.37 161
1530.89 336
1531.41 295
1531.93 413
1532.45 167
1532.97 213
1533.49 219
1534.01 149
1534.53 334
1535.05 63
1535.57 147
1536.09 106
1536.61 185
1537.13 19
1537.65 56
1538.17 11
1538.69 267
1539.21 123
1539.74 332
1540.26 158
1540.78 177
1541.30 97
1541.82 -39
1542.34 55
1542.86 105
1543.38 29
1543.91 1
1544.43 -46
1544.95 59
1545.47 98
1545.99 107
1546.52 119
1547.04 165
1547.56 -5
1548.08 -68
1548.61 34
1549.13 -46
1549.65 -51
1550.17 -102
1550.70 61
1551.22 -63
1551.74 13
1552.27 -29
1552.79 32
1553.31 -9
1553.84 -5
1554.36 107
1554.88 49
1555.41 -13
1555.93 69
1556.45 139
1556.98 36
1557.50 59
1558.03 125
1558.55 39
1559.08 83
1559.60 219
1560.12 88
1560.65 152
1561.17 104
1561.70 39
1562.22 49
1562.75 15
1563.27 -28
1563.80 -70
1564.32 -80
1564.85 -12
1565.37 -134
1565.90 -74
1566.42 -79
1566.95 -77
1567.48 -83
1568.00 -4
1568.53 9
1569.05 69
1569.58 237
1570.11 145
1570.63 25
1571.16 19
1571.68 -75
1572.21 -60
1572.74 -49
1573.26 -130
1573.79 7
1574.32 -13
1574.85 101
1575.37 0
1575.90 -8
1576.43 38
1576.95 115
1577.48 23
1578.01 -26
1578.54 -111
1579.06 9
1579.59 68
1580.12 33
1580.65 79
1581.18 -14
1581.70 -55
1582.23 -62
1582.76 48
1583.29 -33
1583.82 91
1584.35 9
1584.87 73
1585.40 23
1585.93 46
1586.46 234
1586.99 207
1587.52 181
1588.05 32
1588.58 12
1589.11 11
1589.64 21
1590.17 -116
1590.70 12
1591.23 -88
1591.76 36
1592.28 21
1592.81 -39
1593.35 -76
1593.88 -40
1594.41 2
1594.94 300
1595.47 204
1596.00 252
1596.53 86
1597.06 27
1597.59 71
1598.12 12
1598.65 27
1599.18 -32
1599.71 -93
1600.24 -54
1600.78 -23
1601.31 57
1601.84 117
1602.37 50
1602.90 16
1603.43 -41
1603.97 -81
1604.50 2
1605.03 25
1605.56 -53
1606.09 28
1606.63 278
1607.16 312
1607.69 508
1608.22 412
1608.76 461
1609.29 180
1609.82 186
1610.35 32
1610.89 166
1611.42 -72
1611.95 -94
1612.49 -82
1613.02 -96
1613.55 -16
1614.09 -45
1614.62 -62
1615.15 7
1615.69 15
1616.22 -41
1616.76 -35
1617.29 87
1617.82 -91
1618.36 34
1618.89 83
1619.43 -86
1619.96 87
1620.50 111
1621.03 19
1621.57 40
1622.10 66
1622.64 169
1623.17 186
1623.71 372
1624.24 311
1624.78 478
1625.31 225
1625.85 234
1626.38 95
1626.92 77
1627.45 28
1627.99 24
1628.53 11
1629.06 -50
1629.60 -72
1630.13 -115
1630.67 -84
1631.21 -58
1631.74 -80
1632.28 -12
1632.82 -52
1633.35 -25
1633.89 -50
1634.43 -123
1634.96 0
1635.50 -70
1636.04 -15
1636.58 21
1637.11 -52
1637.65 20
1638.19 3
1638.73 17
1639.26 34
1639.80 77
1640.34 59
1640.88 76
1641.42 16
1641.95 81
1642.49 -5
1643.03 130
1643.57 -50
1644.11 21
1644.65 15
1645.18 -36
1645.72 17
1646.26 2
1646.80 41
1647.34 157
1647.88 118
1648.42 96
1648.96 107
1649.50 11
1650.04 112
1650.58 196
1651.12 114
1651.66 334
1652.20 285
1652.74 501
1653.28 529
1653.82 675
1654.36 420
1654.90 407
1655.44 412
1655.98 472
1656.52 413
1657.06 464
1657.60 539
1658.14 502
1658.68 593
1659.22 544
1659.76 671
1660.30 768
1660.85 832
1661.39 694
1661.93 800
1662.47 662
1663.01 585
1663.55 536
1664.10 548
1664.64 697
1665.18 627
1665.72 520
1666.26 502
1666.81 529
1667.35 540
1667.89 588
1668.43 530
1668.98 597
1669.52 563
1670.06 544
1670.60 448
1671.15 443
1671.69 603
1672.23 416
1672.78 498
1673.32 391
1673.86 514
1674.41 532
1674.95 544
1675.49 674
1676.04 748
1676.58 725
1677.13 1109
1677.67 2470
1678.21 2730
1678.76 2736
1679.30 2074
1679.85 1685
1680.39 1270
1680.94 948
1681.48 498
1682.03 397
1682.57 282
1683.12 266
1683.66 385
1684.21 362
1684.75 320
1685.30 410
1685.84 471
1686.39 484
1686.93 377
1687.48 380
1688.02 376
1688.57 356
1689.12 313
1689.66 340
1690.21 443
1690.75 396
1691.30 306
1691.85 302
1692.39 338
1692.94 295
1693.49 222
1694.03 331
1694.58 341
1695.13 438
1695.67 458
1696.22 441
1696.77 385
1697.31 482
1697.86 524
1698.41 604
1698.96 680
1699.50 961
1700.05 935
1700.60 991
1701.15 944
1701.70 1019
1702.24 901
1702.79 926
1703.34 734
1703.89 812
1704.44 788
1704.99 662
1705.53 640
1706.08 752
1706.63 800
1707.18 675
1707.73 747
1708.28 721
1708.83 846
1709.38 882
1709.93 955
1710.48 861
1711.02 944
1711.57 777
1712.12 563
1712.67 564
1713.22 499
1713.77 425
1714.32 331
1714.87 497
1715.42 1493
1715.97 2158
1716.52 1991
1717.07 1908
1717.63 1491
1718.18 1260
1718.73 1031
1719.28 869
1719.83 741
1720.38 649
1720.93 689
1721.48 643
1722.03 739
1722.58 892
1723.14 891
1723.69 879
1724.24 891
1724.79 1070
1725.34 1068
1725.89 1482
1726.45 2757
1727.00 4941
1727.55 4759
1728.10 5219
1728.66 3788
1729.21 3068
1729.76 2175
1730.31 1553
1730.87 1107
1731.42 831
1731.97 849
1732.52 641
1733.08 735
1733.63 607
1734.18 650
1734.74 476
1735.29 458
1735.84 469
1736.40 325
1736.95 343
1737.50 394
1738.06 370
1738.61 429
1739.17 419
1739.72 601
1740.27 669
1740.83 758
1741.38 810
1741.94 885
1742.49 1012
1743.05 1019
1743.60 1021
1744.16 893
1744.71 882
1745.27 817
1745.82 733
1746.38 470
1746.93 677
1747.49 802
1748.04 1083
1748.60 1173
1749.15 1132
1749.71 1250
1750.27 1100
1750.82 1085
1751.38 943
1751.93 906
1752.49 672
1753.05 753
1753.60 820
1754.16 777
1754.71 785
1755.27 748
1755.83 822
1756.38 753
1756.94 780
1757.50 712
1758.06 781
1758.61 1159
1759.17 1399
1759.73 1473
1760.28 1193
1760.84 1240
1761.40 777
1761.96 738
1762.52 516
1763.07 566
1763.63 515
1764.19 718
1764.75 1163
1765.31 1134
1765.86 1382
1766.42 1216
1766.98 1020
1767.54 809
1768.10 805
1768.66 544
1769.22 413
1769.77 411
1770.33 493
1770.89 465
1771.45 529
1772.01 526
1772.57 402
1773.13 537
1773.69 546
1774.25 569
1774.81 766
1775.37 754
1775.93 755
1776.49 658
1777.05 466
1777.61 506
1778.17 455
1778.73 279
1779.29 167
1779.85 171
1780.41 308
1780.97 359
1781.53 283
1782.09 366
1782.65 367
1783.22 303
1783.78 342
1784.34 273
1784.90 394
1785.46 451
1786.02 383
1786.58 288
1787.15 317
1787.71 411
1788.27 305
1788.83 458
1789.39 406
1789.95 353
1790.52 301
1791.08 297
1791.64 435
1792.20 461
1792.77 276
1793.33 269
1793.89 265
1794.46 215
1795.02 222
1795.58 145
1796.14 234
1796.71 323
1797.27 285
1797.83 326
1798.40 286
1798.96 332
1799.52 271
1800.09 284
1800.65 143
1801.22 117
1801.78 86
1802.34 69
1802.91 140
1803.47 6
1804.04 140
1804.60 117
1805.17 156
1805.73 172
1806.30 110
1806.86 19
1807.43 175
1807.99 85
1808.56 80
1809.12 -8
1809.69 19
1810.25 85
1810.82 14
1811.38 -3
1811.95 67
1812.51 57
1813.08 159
1813.65 181
1814.21 167
1814.78 69
1815.34 -4
1815.91 -8
1816.48 -70
1817.04 47
1817.61 -24
1818.18 -41
1818.74 -25
1819.31 -15
1819.88 -11
1820.44 -75
1821.01 33
1821.58 23
1822.14 12
1822.71 73
1823.28 -62
1823.85 -15
1824.41 -22
1824.98 -26
1825.55 -28
1826.12 20
1826.68 -56
1827.25 71
1827.82 -36
1828.39 -66
1828.96 49
1829.53 108
1830.09 134
1830.66 7
1831.23 42
1831.80 35
1832.37 57
1832.94 19
1833.51 121
1834.08 137
1834.65 202
1835.21 257
1835.78 326
1836.35 324
1836.92 555
1837.49 785
1838.06 839
1838.63 764
1839.20 677
1839.77 527
1840.34 402
1840.91 233
1841.48 402
1842.05 379
1842.62 449
1843.19 346
1843.76 396
1844.33 393
1844.91 422
1845.48 373
1846.05 305
1846.62 206
1847.19 215
1847.76 158
1848.33 118
1848.90 5
1849.48 -21
1850.05 0
1850.62 -45
1851.19 70
1851.76 181
1852.33 179
1852.91 179
1853.48 294
1854.05 311
1854.62 174
1855.20 202
1855.77 186
1856.34 66
1856.91 72
1857.49 124
1858.06 107
1858.63 221
1859.20 -33
1859.78 67
1860.35 -21
1860.92 45
1861.50 64
1862.07 84
1862.64 28
1863.22 -18
1863.79 91
1864.37 125
1864.94 146
1865.51 134
1866.09 144
1866.66 95
1867.24 101
1867.81 127
1868.38 106
1868.96 22
1869.53 47
1870.11 60
1870.68 139
1871.26 52
1871.83 200
1872.41 21
1872.98 55
1873.56 129
1874.13 117
1874.71 74
1875.29 71
1875.86 63
1876.44 73
1877.01 168
1877.59 166
1878.16 243
1878.74 249
1879.32 217
1879.89 185
1880.47 246
1881.05 458
1881.62 411
1882.20 332
1882.78 272
1883.35 228
1883.93 216
1884.51 56
1885.08 58
1885.66 96
1886.24 24
1886.81 62
1887.39 27
1887.97 25
1888.55 20
1889.12 -47
1889.70 93
1890.28 -31
1890.86 -13
1891.44 106
1892.01 56
1892.59 -35
1893.17 -7
1893.75 82
1894.33 128
1894.91 176
1895.48 193
1896.06 160
1896.64 76
1897.22 86
1897.80 58
1898.38 88
1898.96 91
1899.54 142
1900.12 186
1900.70 136
1901.28 292
1901.86 167
1902.44 187
1903.02 163
1903.59 158
1904.17 17
1904.76 153
1905.34 102
1905.92 76
1906.50 -72
1907.08 -73
1907.66 6
1908.24 -57
1908.82 -6
1909.40 25
1909.98 1
1910.56 82
1911.14 -65
1911.72 58
1912.30 74
1912.89 78
1913.47 107
1914.05 179
1914.63 247
1915.21 262
1915.79 400
1916.38 374
1916.96 415
1917.54 349
1918.12 313
1918.70 291
1919.29 449
1919.87 995
1920.45 1086
1921.03 1288
1921.62 1098
1922.20 933
1922.78 484
1923.36 431
1923.95 228
1924.53 88
1925.11 -2
1925.70 -88
1926.28 -36
1926.86 -45
1927.45 -65
1928.03 37
1928.62 -43
1929.20 -100
1929.78 -87
1930.37 -34
1930.95 -47
1931.54 96
1932.12 41
1932.70 -34
1933.29 -94
1933.87 188
1934.46 106
1935.04 175
1935.63 173
1936.21 190
1936.80 236
1937.38 152
1937.97 80
1938.55 99
1939.14 98
1939.72 50
1940.31 85
1940.89 49
1941.48 -9
1942.07 46
1942.65 42
1943.24 -46
1943.82 17
1944.41 -58
1945.00 21
1945.58 99
1946.17 20
1946.76 12
1947.34 -53
1947.93 49
1948.52 45
1949.10 -65
1949.69 -17
1950.28 -45
1950.86 -73
1951.45 -42
1952.04 -89
1952.63 -49
1953.21 -160
1953.80 -184
1954.39 -140
1954.98 -175
1955.56 -70
1956.15 -32
1956.74 -59
1957.33 20
1957.92 6
1958.50 61
1959.09 39
1959.68 -44
1960.27 7
1960.86 -86
1961.45 -72
1962.04 -80
1962.62 -77
1963.21 35
1963.80 -188
1964.39 -128
1964.98 -178
1965.57 -130
1966.16 -97
1966.75 -143
1967.34 -96
1967.93 -146
1968.52 -83
1969.11 -69
1969.70 -140
1970.29 -94
1970.88 -113
1971.47 -125
1972.06 -158
1972.65 -229
1973.24 -62
1973.83 -68
1974.42 -34
1975.01 -2
1975.60 121
1976.19 39
1976.79 114
1977.38 110
1977.97 120
1978.56 149
1979.15 111
1979.74 -2
1980.33 -75
1980.93 56
1981.52 -2
1982.11 140
1982.70 110
1983.29 187
1983.89 281
1984.48 242
1985.07 221
1985.66 206
1986.26 44
1986.85 77
1987.44 83
1988.03 68
1988.63 -11
1989.22 -5
1989.81 89
1990.41 66
1991.00 68
1991.59 15
1992.19 30
1992.78 43
1993.37 57
1993.97 122
1994.56 112
1995.15 268
1995.75 132
1996.34 223
1996.94 298
1997.53 248
1998.12 280
1998.72 217
1999.31 513
1999.91 1582
2000.50 2059
2001.10 2131
2001.69 1963
2002.29 1390
2002.88 1015
2003.48 538
2004.07 425
2004.67 182
2005.26 104
2005.86 89
2006.45 52
2007.05 102
2007.64 88
2008.24 90
2008.84 135
2009.43 83
2010.03 60
2010.62 68
2011.22 -48
2011.82 49
2012.41 63
2013.01 79
2013.61 104
2014.20 44
2014.80 290
2015.40 312
2015.99 326
2016.59 382
2017.19 406
2017.79 308
2018.38 253
2018.98 130
2019.58 148
2020.18 136
2020.77 17
2021.37 83
2021.97 118
2022.57 84
2023.17 162
2023.76 246
2024.36 135
2024.96 81
2025.56 110
2026.16 71
2026.76 60
2027.35 132
2027.95 176
2028.55 133
2029.15 168
2029.75 145
2030.35 239
2030.95 423
2031.55 737
2032.15 1094
2032.75 1706
2033.35 1767
2033.95 1743
2034.55 1439
2035.15 1088
2035.75 677
2036.35 428
2036.95 444
2037.55 384
2038.15 263
2038.75 347
2039.35 329
2039.95 242
2040.55 132
2041.15 99
2041.75 -25
2042.35 12
2042.95 -39
2043.55 -31
2044.15 20
2044.75 -58
2045.36 -111
2045.96 -98
2046.56 -97
2047.16 -160
2047.76 -44
2048.36 69
2048.97 150
2049.57 177
2050.17 126
2050.77 159
2051.37 16
2051.98 -1
2052.58 54
2053.18 -33
2053.78 57
2054.39 -49
2054.99 81
2055.59 -23
2056.20 -68
2056.80 25
2057.40 -171
2058.01 -63
2058.61 -111
2059.21 -116
2059.82 -101
2060.42 -40
2061.02 -41
2061.63 84
2062.23 54
2062.83 95
2063.44 51
2064.04 150
2064.65 205
2065.25 -19
2065.86 60
2066.46 -10
2067.07 -27
2067.67 -90
2068.27 -109
2068.88 -87
2069.48 -135
2070.09 36
2070.69 73
2071.30 106
2071.91 158
2072.51 65
2073.12 200
2073.72 116
2074.33 -43
2074.93 52
2075.54 32
2076.14 48
2076.75 148
2077.36 104
2077.96 85
2078.57 127
2079.18 136
2079.78 93
2080.39 156
2081.00 323
2081.60 268
2082.21 130
2082.82 218
2083.42 220
2084.03 193
2084.64 172
2085.24 205
2085.85 133
2086.46 75
2087.07 58
2087.67 97
2088.28 168
2088.89 146
2089.50 173
2090.11 214
2090.71 259
2091.32 233
2091.93 275
2092.54 310
2093.15 215
2093.76 288
2094.36 349
2094.97 331
2095.58 391
2096.19 390
2096.80 340
2097.41 429
2098.02 508
2098.63 544
2099.24 566
2099.85 534
2100.46 575
2101.07 660
2101.67 610
2102.28 543
2102.89 550
2103.50 658
2104.11 704
2104.72 936
2105.34 887
2105.95 964
2106.56 1032
2107.17 1032
2107.78 1015
2108.39 921
2109.00 1011
2109.61 911
2110.22 955
2110.83 1057
2111.44 1137
2112.05 1052
2112.66 1119
2113.28 1227
2113.89 1276
2114.50 1246
2115.11 1241
2115.72 1390
2116.33 1506
2116.95 1634
2117.56 1674
2118.17 1606
2118.78 1812
2119.40 2024
2120.01 2361
2120.62 2390
2121.23 2646
2121.85 2717
2122.46 2566
2123.07 2525
2123.68 2565
2124.30 2539
2124.91 2528
2125.52 2536
2126.14 2861
2126.75 2857
2127.36 3115
2127.98 3242
2128.59 3349
2129.20 3510
2129.82 3727
2130.43 3688
2131.05 3896
2131.66 3733
2132.27 3903
2132.89 4068
2133.50 4159
2134.12 4559
2134.73 4536
2135.35 4636
2135.96 4572
2136.58 4643
2137.19 4971
2137.81 4952
2138.42 5012
2139.04 4949
2139.65 4952
2140.27 5203
2140.88 5394
2141.50 5837
2142.11 6054
2142.73 6057
2143.34 6274
2143.96 6675
2144.58 7092
2145.19 8701
2145.81 12516
2146.43 15316
2147.04 16709
2147.66 15954
2148.27 14178
2148.89 12397
2149.51 10793
2150.12 9931
2150.74 9087
2151.36 8535
2151.98 8158
2152.59 8145
2153.21 8158
2153.83 8432
2154.44 8355
2155.06 8101
2155.68 8001
2156.30 8035
2156.92 7846
2157.53 8056
2158.15 8369
2158.77 8519
2159.39 8652
2160.01 9155
2160.62 9112
2161.24 9331
2161.86 9327
2162.48 11062
2163.10 20522
2163.72 54981
2164.34 91668
2164.95 101763
2165.57 98664
2166.19 82917
2166.81 62614
2167.43 44769
2168.05 29489
2168.67 19713
2169.29 13340
2169.91 9883
2170.53 9880
2171.15 11673
2171.77 11807
2172.39 11292
2173.01 9491
2173.63 7510
2174.25 5969
2174.87 4800
2175.49 3965
2176.11 3535
2176.73 3296
2177.35 3323
2177.97 3438
2178.59 3284
2179.21 3513
2179.84 3513
2180.46 3384
2181.08 3547
2181.70 3383
2182.32 3669
2182.94 3598
2183.56 3781
2184.19 4532
2184.81 4780
2185.43 5723
2186.05 6787
2186.67 7656
2187.30 7815
2187.92 7436
2188.54 7188
2189.16 7230
2189.79 7227
2190.41 7496
2191.03 8328
2191.65 8679
2192.28 9153
2192.90 9576
2193.52 10056
2194.15 10463
2194.77 12828
2195.39 14599
2196.02 15173
2196.64 14633
2197.26 12879
2197.89 11183
2198.51 9817
2199.13 8482
2199.76 7557
2200.38 6766
2201.01 7558
2201.63 12993
2202.26 19565
2202.88 21584
2203.50 20633
2204.13 17327
2204.75 13555
2205.38 10184
2206.00 7585
2206.63 5899
2207.25 4704
2207.88 3846
2208.50 3831
2209.13 4058
2209.75 4422
2210.38 4574
2211.01 4957
2211.63 4868
2212.26 4754
2212.88 4092
2213.51 3506
2214.13 2885
2214.76 2460
2215.39 2204
2216.01 2100
2216.64 2272
2217.27 2257
2217.89 2302
2218.52 2419
2219.15 2362
2219.77 2514
2220.40 2512
2221.03 2702
2221.65 2625
2222.28 2776
2222.91 2842
2223.54 3103
2224.16 3414
2224.79 3583
2225.42 4160
2226.05 5304
2226.67 6010
2227.30 6349
2227.93 6326
2228.56 5864
2229.19 5181
2229.81 4722
2230.44 4150
2231.07 3663
2231.70 3450
2232.33 3320
2232.96 3643
2233.59 3879
2234.21 3803
2234.84 3427
2235.47 3235
2236.10 2790
2236.73 2426
2237.36 2269
2237.99 2118
2238.62 2034
2239.25 2266
2239.88 2899
2240.51 3684
2241.14 3745
2241.77 3854
2242.40 3707
2243.03 3300
2243.66 3068
2244.29 2954
2244.92 2934
2245.55 2960
2246.18 2819
2246.81 2878
2247.44 2882
2248.07 2934
2248.70 3046
2249.34 3077
2249.97 2916
2250.60 2863
2251.23 3032
2251.86 3110
2252.49 3088
2253.12 3203
2253.76 3353
2254.39 3567
2255.02 3853
2255.65 4310
2256.28 5204
2256.92 6025
2257.55 6618
2258.18 6861
2258.81 6908
2259.45 6990
2260.08 6750
2260.71 6705
2261.34 6331
2261.98 6294
2262.61 6575
2263.24 6476
2263.88 6929
2264.51 7165
2265.14 7507
2265.78 8103
2266.41 8489
2267.04 9116
2267.68 9940
2268.31 10691
2268.94 11046
2269.58 11983
2270.21 12723
2270.85 13319
2271.48 13623
2272.11 14554
2272.75 17359
2273.38 29023
2274.02 59357
2274.65 85882
2275.29 94206
2275.92 88793
2276.56 76308
2277.19 57910
2277.83 42837
2278.46 29623
2279.10 20946
2279.73 15475
2280.37 12133
2281.00 11969
2281.64 13143
2282.28 13359
2282.91 12728
2283.55 11334
2284.18 9847
2284.82 8789
2285.46 7791
2286.09 7470
2286.73 7172
2287.36 7683
2288.00 8647
2288.64 10572
2289.27 15014
2289.91 24937
2290.55 36647
2291.18 41323
2291.82 39729
2292.46 33453
2293.10 26340
2293.73 19462
2294.37 13951
2295.01 10319
2295.65 8418
2296.28 7603
2296.92 7531
2297.56 7899
2298.20 7811
2298.84 7291
2299.47 6570
2300.11 5964
2300.75 5542
2301.39 4998
2302.03 5018
2302.67 4946
2303.31 5258
2303.94 5301
2304.58 5339
2305.22 5602
2305.86 6075
2306.50 6706
2307.14 6739
2307.78 6560
2308.42 6229
2309.06 5789
2309.70 5386
2310.34 5003
2310.98 5089
2311.62 6919
2312.26 10203
2312.90 12162
2313.54 12315
2314.18 11195
2314.82 9408
2315.46 7671
2316.10 6057
2316.74 4980
2317.38 4267
2318.02 3708
2318.66 3468
2319.30 3463
2319.94 3522
2320.58 3470
2321.23 3340
2321.87 3420
2322.51 3552
2323.15 3606
2323.79 3516
2324.43 3274
2325.07 2887
2325.72 2573
2326.36 2505
2327.00 2650
2327.64 3265
2328.28 4144
2328.93 4688
2329.57 4675
2330.21 4415
2330.85 3817
2331.50 2964
2332.14 2663
2332.78 2290
2333.43 1932
2334.07 1942
2334.71 1927
2335.36 2545
2336.00 3597
2336.64 4422
2337.29 4905
2337.93 5007
2338.57 4663
2339.22 4352
2339.86 3700
2340.50 3169
2341.15 2188
2341.79 1751
2342.44 1471
2343.08 1146
2343.73 1106
2344.37 1221
2345.01 1090
2345.66 1014
2346.30 964
2346.95 851
2347.59 890
2348.24 806
2348.88 810
2349.53 815
2350.17 1313
2350.82 1471
2351.46 1667
2352.11 1986
2352.76 2152
2353.40 2194
2354.05 2096
2354.69 1834
2355.34 1718
2355.99 1287
2356.63 1000
2357.28 798
2357.92 514
2358.57 427
2359.22 388
2359.86 440
2360.51 352
2361.16 430
2361.80 459
2362.45 384
2363.10 233
2363.75 254
2364.39 237
2365.04 168
2365.69 167
2366.34 342
2366.98 352
2367.63 548
2368.28 632
2368.93 568
2369.57 570
2370.22 514
2370.87 501
2371.52 350
2372.17 503
2372.82 525
2373.46 539
2374.11 514
2374.76 438
2375.41 514
2376.06 470
2376.71 393
2377.36 514
2378.01 374
2378.66 192
2379.30 193
2379.95 97
2380.60 162
2381.25 123
2381.90 192
2382.55 191
2383.20 183
2383.85 224
2384.50 380
2385.15 396
2385.80 458
2386.45 402
2387.10 604
2387.75 634
2388.41 627
2389.06 590
2389.71 526
2390.36 376
2391.01 246
2391.66 196
2392.31 59
2392.96 -75
2393.61 -137
2394.26 -178
2394.92 -117
2395.57 -105
2396.22 -152
2396.87 -140
2397.52 -72
2398.17 -107
2398.83 -2
2399.48 15
2400.13 -13
2400.78 3
2401.44 124
2402.09 223
2402.74 242
2403.39 247
2404.05 219
2404.70 369
2405.35 1023
2406.01 1367
2406.66 1629
2407.31 1516
2407.96 963
2408.62 650
2409.27 348
2409.93 212
2410.58 -112
2411.23 -188
2411.89 -117
2412.54 -195
2413.19 -166
2413.85 -99
2414.50 -158
2415.16 -73
2415.81 -114
2416.47 -175
2417.12 -120
2417.78 -154
2418.43 21
2419.08 105
2419.74 170
2420.39 212
2421.05 148
2421.70 107
2422.36 -52
2423.02 -97
2423.67 -106
2424.33 -229
2424.98 -206
2425.64 -112
2426.29 -237
2426.95 -137
2427.61 -103
2428.26 -211
2428.92 -242
2429.57 -267
2430.23 -206
2430.89 -291
2431.54 -360
2432.20 -296
2432.86 -338
2433.51 -255
2434.17 -355
2434.83 -180
2435.48 -93
2436.14 -250
2436.80 -219
2437.46 -242
2438.11 -183
2438.77 -213
2439.43 -195
2440.09 -199
2440.74 -184
2441.40 -162
2442.06 -261
2442.72 -71
2443.38 1
2444.04 55
2444.69 -10
2445.35 30
2446.01 204
2446.67 159
2447.33 127
2447.99 179
2448.65 8
2449.30 -68
2449.96 -117
2450.62 -249
2451.28 -209
2451.94 -275
2452.60 -276
2453.26 -269
2453.92 -284
2454.58 -106
2455.24 -153
2455.90 -93
2456.56 -163
2457.22 -37
2457.88 -95
2458.54 -36
2459.20 -1
2459.86 -26
2460.52 -57
2461.18 206
2461.84 298
2462.50 507
2463.16 483
2463.82 560
2464.49 601
2465.15 425
2465.81 230
2466.47 62
2467.13 61
2467.79 140
2468.45 172
2469.12 112
2469.78 133
2470.44 132
2471.10 210
2471.76 261
2472.43 158
2473.09 121
2473.75 52
2474.41 115
2475.08 82
2475.74 -5
2476.40 65
2477.06 34
2477.73 275
2478.39 150
2479.05 246
2479.72 192
2480.38 220
2481.04 372
2481.71 366
2482.37 434
2483.03 371
2483.70 409
2484.36 614
2485.02 467
2485.69 390
2486.35 376
2487.02 205
2487.68 392
2488.34 313
2489.01 327
2489.67 415
2490.34 231
2491.00 258
2491.67 343
2492.33 354
2493.00 458
2493.66 440
2494.33 447
2494.99 436
2495.66 518
2496.32 618
2496.99 837
2497.65 1121
2498.32 1392
2498.99 1687
2499.65 2162
2500.32 2179
2500.98 2323
2501.65 2167
2502.32 2013
2502.98 1824
2503.65 1597
2504.31 1346
2504.98 1330
2505.65 1293
2506.31 1315
2506.98 1293
2507.65 1337
2508.32 1659
2508.98 1709
2509.65 1825
2510.32 2050
2510.98 2160
2511.65 2016
2512.32 2156
2512.99 2163
2513.65 2307
2514.32 3165
2514.99 5501
2515.66 9277
2516.33 12257
2516.99 12632
2517.66 11550
2518.33 9267
2519.00 7247
2519.67 5414
2520.34 4084
2521.01 3133
2521.67 2714
2522.34 2541
2523.01 2567
2523.68 2866
2524.35 2768
2525.02 2738
2525.69 2567
2526.36 2482
2527.03 2301
2527.70 2484
2528.37 2403
2529.04 2614
2529.71 3003
2530.38 3863
2531.05 5709
2531.72 8249
2532.39 9622
2533.06 10100
2533.73 9210
2534.40 7953
2535.07 6505
2535.74 5594
2536.41 4824
2537.08 4165
2537.75 3822
2538.42 3769
2539.10 3495
2539.77 3499
2540.44 3306
2541.11 3226
2541.78 3077
2542.45 2980
2543.12 3040
2543.80 3280
2544.47 3475
2545.14 3579
2545.81 3685
2546.48 3769
2547.16 4255
2547.83 4477
2548.50 4767
2549.17 4735
2549.85 4706
2550.52 4775
2551.19 5590
2551.87 7080
2552.54 9666
2553.21 15883
2553.88 22328
2554.56 26218
2555.23 25530
2555.90 22457
2556.58 17900
2557.25 13142
2557.93 9385
2558.60 6721
2559.27 5030
2559.95 4102
2560.62 3686
2561.30 3807
2561.97 3637
2562.64 3346
2563.32 3113
2563.99 2876
2564.67 2380
2565.34 2154
2566.02 1896
2566.69 1956
2567.37 2124
2568.04 2373
2568.72 2950
2569.39 3595
2570.07 4086
2570.74 4229
2571.42 3934
2572.09 3486
2572.77 2975
2573.45 2460
2574.12 2255
2574.80 2233
2575.47 2337
2576.15 2581
2576.83 2748
2577.50 2704
2578.18 2707
2578.85 2507
2579.53 2564
2580.21 2344
2580.88 2189
2581.56 2270
2582.24 2272
2582.92 2338
2583.59 2873
2584.27 3230
2584.95 4226
2585.62 5820
2586.30 7066
2586.98 7499
2587.66 6800
2588.34 6282
2589.01 5428
2589.69 4938
2590.37 5145
2591.05 5974
2591.73 7426
2592.40 8495
2593.08 8521
2593.76 7578
2594.44 6398
2595.12 5183
2595.80 4165
2596.48 3323
2597.15 2711
2597.83 2428
2598.51 2524
2599.19 2426
2599.87 2161
2600.55 1994
2601.23 1756
2601.91 1699
2602.59 1555
2603.27 1293
2603.95 1360
2604.63 1059
2605.31 1120
2605.99 1202
2606.67 1170
2607.35 1349
2608.03 1638
2608.71 1619
2609.39 1725
2610.07 1449
2610.75 1461
2611.43 1359
2612.11 1322
2612.80 1485
2613.48 1600
2614.16 2257
2614.84 3194
2615.52 4317
2616.20 4646
2616.88 4247
2617.57 3952
2618.25 3207
2618.93 2681
2619.61 2152
2620.29 1529
2620.97 1330
2621.66 1254
2622.34 1334
2623.02 1637
2623.70 2057
2624.39 2270
2625.07 2239
2625.75 1901
2626.43 1696
2627.12 1467
2627.80 1196
2628.48 1039
2629.17 1122
2629.85 1180
2630.53 1291
2631.22 1333
2631.90 1250
2632.58 1206
2633.27 1033
2633.95 920
2634.64 586
2635.32 484
2636.00 506
2636.69 327
2637.37 517
2638.06 473
2638.74 405
2639.43 467
2640.11 374
2640.80 405
2641.48 468
2642.17 394
2642.85 350
2643.54 402
2644.22 430
2644.91 378
2645.59 547
2646.28 861
2646.96 1255
2647.65 1684
2648.33 1788
2649.02 1561
2649.71 1345
2650.39 1086
2651.08 834
2651.76 794
2652.45 1135
2653.14 1343
2653.82 1553
2654.51 1634
2655.20 1624
2655.88 1420
2656.57 1213
2657.26 964
2657.94 636
2658.63 430
2659.32 227
2660.00 265
2660.69 279
2661.38 231
2662.07 299
2662.75 391
2663.44 350
2664.13 338
2664.82 324
2665.51 191
2666.19 121
2666.88 111
2667.57 59
2668.26 112
2668.95 177
2669.64 277
2670.32 298
2671.01 230
2671.70 118
2672.39 164
2673.08 71
2673.77 55
2674.46 -106
2675.15 -52
2675.84 106
2676.53 -37
2677.22 196
2677.91 218
2678.60 107
2679.29 154
2679.98 138
2680.67 171
2681.36 123
2682.05 105
2682.74 114
2683.43 75
2684.12 202
2684.81 123
2685.50 275
2686.19 225
2686.88 220
2687.57 165
2688.26 213
2688.95 162
2689.64 60
2690.33 56
2691.03 269
2691.72 186
2692.41 187
2693.10 286
2693.79 285
2694.48 153
2695.18 67
2695.87 181
2696.56 127
2697.25 10
2697.94 105
2698.64 128
2699.33 120
2700.02 88
2700.71 113
2701.41 49
2702.10 108
2702.79 97
2703.49 152
2704.18 114
2704.87 308
2705.57 268
2706.26 403
2706.95 452
2707.65 387
2708.34 364
2709.03 367
2709.73 178
2710.42 182
2711.11 182
2711.81 92
2712.50 46
2713.20 58
2713.89 73
2714.59 -45
2715.28 42
2715.97 -66
2716.67 3
2717.36 102
2718.06 -44
2718.75 88
2719.45 -28
2720.14 108
2720.84 189
2721.53 220
2722.23 201
2722.93 129
2723.62 180
2724.32 179
2725.01 316
2725.71 330
2726.40 401
2727.10 269
2727.80 335
2728.49 320
2729.19 399
2729.89 322
2730.58 395
2731.28 264
2731.98 348
2732.67 309
2733.37 319
2734.07 256
2734.76 288
2735.46 137
2736.16 215
2736.86 92
2737.55 254
2738.25 242
2738.95 296
2739.65 383
2740.34 412
2741.04 575
2741.74 822
2742.44 935
2743.14 1056
2743.83 1266
2744.53 1093
2745.23 996
2745.93 775
2746.63 655
2747.33 370
2748.03 300
2748.72 213
2749.42 179
2750.12 180
2750.82 35
2751.52 16
2752.22 98
2752.92 6
2753.62 40
2754.32 -53
2755.02 -38
2755.72 25
2756.42 -16
2757.12 129
2757.82 72
2758.52 160
2759.22 159
2759.92 159
2760.62 275
2761.32 248
2762.02 316
2762.72 307
2763.42 306
2764.12 339
2764.82 280
2765.52 191
2766.23 326
2766.93 193
2767.63 185
2768.33 180
2769.03 163
2769.73 116
2770.43 90
2771.14 12
2771.84 99
2772.54 65
2773.24 171
2773.94 296
2774.65 273
2775.35 322
2776.05 244
2776.75 488
2777.46 379
2778.16 294
2778.86 324
2779.56 386
2780.27 326
2780.97 295
2781.67 278
2782.38 214
2783.08 261
2783.78 192
2784.49 106
2785.19 198
2785.89 267
2786.60 298
2787.30 366
2788.01 442
2788.71 395
2789.41 297
2790.12 362
2790.82 303
2791.53 275
2792.23 236
2792.94 157
2793.64 208
2794.35 152
2795.05 159
2795.76 140
2796.46 286
2797.17 293
2797.87 229
2798.58 200
2799.28 166
2799.99 198
2800.69 292
2801.40 299
2802.10 362
2802.81 455
2803.52 917
2804.22 2274
2804.93 4901
2805.63 7283
2806.34 8126
2807.05 7495
2807.75 6097
2808.46 4391
2809.17 2948
2809.87 2070
2810.58 1303
2811.29 889
2811.99 806
2812.70 745
2813.41 950
2814.12 946
2814.82 752
2815.53 627
2816.24 447
2816.95 392
2817.65 339
2818.36 297
2819.07 207
2819.78 196
2820.49 258
2821.19 214
2821.90 307
2822.61 267
2823.32 273
2824.03 260
2824.74 304
2825.45 244
2826.15 310
2826.86 190
2827.57 265
2828.28 139
2828.99 148
2829.70 162
2830.41 82
2831.12 162
2831.83 103
2832.54 131
2833.25 202
2833.96 168
2834.67 228
2835.38 254
2836.09 233
2836.80 246
2837.51 228
2838.22 251
2838.93 337
2839.64 233
2840.35 326
2841.06 303
2841.77 370
2842.48 476
2843.19 511
2843.91 554
2844.62 657
2845.33 584
2846.04 570
2846.75 421
2847.46 282
2848.17 236
2848.89 268
2849.60 135
2850.31 169
2851.02 155
2851.73 26
2852.45 126
2853.16 104
2853.87 161
2854.58 160
2855.30 128
2856.01 203
2856.72 75
2857.43 47
2858.15 125
2858.86 62
2859.57 111
2860.29 45
2861.00 111
2861.71 26
2862.43 69
2863.14 95
2863.85 12
2864.57 36
2865.28 75
2866.00 127
2866.71 189
2867.42 209
2868.14 174
2868.85 207
2869.57 213
2870.28 134
2871.00 26
2871.71 26
2872.43 67
2873.14 52
2873.86 121
2874.57 177
2875.29 233
2876.00 121
2876.72 166
2877.43 92
2878.15 130
2878.86 53
2879.58 42
2880.29 4
2881.01 89
2881.73 75
2882.44 137
2883.16 136
2883.87 47
2884.59 113
2885.31 45
2886.02 -16
2886.74 -55
2887.46 -1
2888.17 56
2888.89 119
2889.61 53
2890.32 38
2891.04 41
2891.76 81
2892.48 72
2893.19 29
2893.91 14
2894.63 65
2895.35 60
2896.06 34
2896.78 85
2897.50 95
2898.22 34
2898.94 88
2899.65 92
2900.37 84
2901.09 10
2901.81 45
2902.53 116
2903.25 99
2903.97 40
2904.68 94
2905.40 31
2906.12 128
2906.84 150
2907.56 16
2908.28 59
2909.00 60
2909.72 155
2910.44 239
2911.16 308
2911.88 379
2912.60 542
2913.32 587
2914.04 478
2914.76 396
2915.48 383
2916.20 207
2916.92 179
2917.64 141
2918.36 146
2919.08 145
2919.80 102
2920.52 121
2921.24 132
2921.96 124
2922.69 30
2923.41 104
2924.13 56
2924.85 16
2925.57 80
2926.29 67
2927.01 92
2927.74 141
2928.46 144
2929.18 88
2929.90 195
2930.62 101
2931.35 194
2932.07 141
2932.79 133
2933.51 133
2934.24 104
2934.96 167
2935.68 120
2936.40 172
2937.13 163
2937.85 167
2938.57 194
2939.30 116
2940.02 147
2940.74 100
2941.47 63
2942.19 230
2942.91 215
2943.64 297
2944.36 286
2945.09 318
2945.81 303
2946.53 290
2947.26 257
2947.98 250
2948.71 250
2949.43 324
2950.16 297
2950.88 277
2951.61 308
2952.33 199
2953.06 277
2953.78 153
2954.51 231
2955.23 114
2955.96 161
2956.68 193
2957.41 250
2958.13 140
2958.86 185
2959.58 202
2960.31 304
2961.04 287
2961.76 265
2962.49 313
2963.21 193
2963.94 212
2964.67 137
2965.39 149
2966.12 216
2966.85 193
2967.57 148
2968.30 180
2969.03 181
2969.75 181
2970.48 172
2971.21 197
2971.94 189
2972.66 131
2973.39 109
2974.12 100
2974.85 138
2975.57 117
2976.30 157
2977.03 174
2977.76 169
2978.49 242
2979.21 194
2979.94 137
2980.67 128
2981.40 144
2982.13 106
2982.86 197
2983.59 126
2984.31 154
2985.04 118
2985.77 116
2986.50 40
2987.23 145
2987.96 178
2988.69 103
2989.42 157
2990.15 174
2990.88 149
2991.61 167
2992.34 80
2993.07 106
2993.80 74
2994.53 49
2995.26 37
2995.99 92
2996.72 94
2997.45 59
2998.18 75
2998.91 146
2999.64 82
3000.37 117
3001.10 7
3001.84 93
3002.57 88
3003.30 112
3004.03 91
3004.76 77
3005.49 53
3006.22 62
3006.96 40
3007.69 127
3008.42 122
3009.15 59
3009.88 109
3010.62 65
3011.35 106
3012.08 60
3012.81 75
3013.54 63
3014.28 76
3015.01 130
3015.74 28
3016.48 103
3017.21 40
3017.94 2
3018.68 106
3019.41 77
3020.14 50
3020.88 81
3021.61 61
3022.34 18
3023.08 -4
3023.81 -6
3024.54 16
3025.28 23
3026.01 25
3026.75 6
3027.48 30
3028.21 32
3028.95 67
3029.68 51
3030.42 21
3031.15 73
3031.89 -8
3032.62 11
3033.36 88
3034.09 -54
3034.83 -17
3035.56 56
3036.30 29
3037.03 71
3037.77 56
3038.51 63
3039.24 4
3039.98 -22
3040.71 82
3041.45 -11
3042.18 55
3042.92 -34
3043.66 -5
3044.39 55
3045.13 59
3045.87 -6
3046.60 11
3047.34 29
3048.08 18
3048.81 31
3049.55 -10
3050.29 22
3051.02 80
3051.76 -7
3052.50 -44
3053.24 -9
3053.97 25
3054.71 31
3055.45 83
3056.19 51
3056.93 21
3057.66 43
3058.40 1
3059.14 52
3059.88 31
3060.62 -30
3061.35 81
3062.09 5
3062.83 51
3063.57 4
3064.31 43
3065.05 20
3065.79 -12
3066.53 -28
3067.27 -7
3068.01 -29
3068.74 32
3069.48 13
3070.22 26
3070.96 -23
3071.70 -29
3072.44 -65
3073.18 14
3073.92 6
3074.66 19
3075.40 -21
3076.14 26
3076.88 20
3077.62 24
3078.36 81
3079.11 -20
3079.85 10
3080.59 -39
3081.33 -61
3082.07 -35
3082.81 1
3083.55 -34
3084.29 -97
3085.03 -72
3085.78 -36
3086.52 -3
3087.26 -20
3088.00 -35
3088.74 -27
3089.48 -28
3090.23 -38
3090.97 5
3091.71 -19
3092.45 14
3093.19 -44
3093.94 -57
3094.68 -9
3095.42 -29
3096.17 -25
3096.91 -78
3097.65 -8
3098.39 12
3099.14 -47
3099.88 -25
3100.62 11
3101.37 -2
3102.11 23
3102.85 35
3103.60 22
3104.34 18
3105.09 20
3105.83 5
3106.57 -6
3107.32 19
3108.06 -21
3108.81 -30
3109.55 -7
3110.29 -26
3111.04 1
3111.78 -26
3112.53 -9
3113.27 19
3114.02 -19
3114.76 -19
3115.51 35
3116.25 6
3117.00 14
3117.74 -27
3118.49 -2
3119.24 18
3119.98 -17
3120.73 29
3121.47 -70
3122.22 -31
3122.97 -5
3123.71 -28
3124.46 62
3125.20 -12
3125.95 53
3126.70 -7
3127.44 52
3128.19 -2
3128.94 0
3129.68 -4
3130.43 -1
3131.18 58
3131.92 54
3132.67 33
3133.42 58
3134.17 19
3134.91 20
3135.66 -17
3136.41 9
3137.16 42
3137.90 112
3138.65 70
3139.40 83
3140.15 142
3140.90 171
3141.65 174
3142.39 192
3143.14 235
3143.89 163
3144.64 177
3145.39 184
3146.14 166
3146.89 106
3147.64 58
3148.38 63
3149.13 119
3149.88 113
3150.63 168
3151.38 119
3152.13 95
3152.88 141
3153.63 144
3154.38 147
3155.13 254
3155.88 423
3156.63 638
3157.38 938
3158.13 1224
3158.88 1452
3159.63 1491
3160.38 1245
3161.13 1034
3161.88 827
3162.64 510
3163.39 399
3164.14 241
3164.89 182
3165.64 136
3166.39 94
3167.14 50
3167.89 131
3168.65 82
3169.40 158
3170.15 73
3170.90 70
3171.65 82
3172.41 136
3173.16 166
3173.91 132
3174.66 143
3175.41 116
3176.17 95
3176.92 121
3177.67 44
3178.43 51
3179.18 82
3179.93 89
3180.68 92
3181.44 96
3182.19 19
3182.94 46
3183.70 47
3184.45 24
3185.20 12
3185.96 -45
3186.71 39
3187.47 57
3188.22 61
3188.97 155
3189.73 189
3190.48 233
3191.24 238
3191.99 332
3192.75 200
3193.50 216
3194.26 182
3195.01 167
3195.77 244
3196.52 231
3197.28 283
3198.03 254
3198.79 252
3199.54 285
3200.30 179
3201.05 191
3201.81 107
3202.56 116
3203.32 98
3204.08 91
3204.83 43
3205.59 77
3206.34 116
3207.10 138
3207.86 112
3208.61 161
3209.37 71
3210.13 69
3210.88 31
3211.64 -12
3212.40 36
3213.15 10
3213.91 -41
3214.67 -7
3215.42 20
3216.18 11
3216.94 36
3217.70 0
3218.45 8
3219.21 -41
3219.97 69
3220.73 63
3221.49 58
3222.24 79
3223.00 48
3223.76 0
3224.52 -9
3225.28 32
3226.04 -23
3226.80 -15
3227.55 12
3228.31 28
3229.07 24
3229.83 50
3230.59 -6
3231.35 -18
3232.11 18
3232.87 1
3233.63 10
3234.39 15
3235.15 13
3235.91 3
3236.67 13
3237.43 43
3238.19 55
3238.95 -9
3239.71 25
3240.47 -57
3241.23 -74
3241.99 -100
3242.75 -84
3243.51 -35
3244.27 -14
3245.03 -29
3245.79 -34
3246.55 19
3247.31 86
3248.07 -22
3248.84 -20
3249.60 -41
3250.36 -68
3251.12 -76
3251.88 -53
3252.64 -43
3253.41 -82
3254.17 4
3254.93 -15
3255.69 32
3256.45 23
3257.22 59
3257.98 62
3258.74 59
3259.50 26
3260.27 78
3261.03 70
3261.79 49
3262.56 18
3263.32 -17
3264.08 41
3264.84 16
3265.61 45
3266.37 30
3267.14 17
3267.90 0
3268.66 -18
3269.43 46
3270.19 -34
3270.95 2
3271.72 79
3272.48 -5
3273.25 104
3274.01 68
3274.78 12
3275.54 54
3276.30 57
3277.07 103
3277.83 71
3278.60 41
3279.36 37
3280.13 22
3280.89 7
3281.66 39
3282.42 112
3283.19 38
3283.96 56
3284.72 64
3285.49 42
3286.25 130
3287.02 111
3287.78 70
3288.55 125
3289.32 117
3290.08 51
3290.85 134
3291.62 129
3292.38 146
3293.15 65
3293.92 96
3294.68 81
3295.45 131
3296.22 75
3296.98 155
3297.75 61
3298.52 138
3299.29 203
3300.05 250
3300.82 333
3301.59 547
3302.36 1131
3303.12 2058
3303.89 3149
3304.66 4019
3305.43 4178
3306.20 3688
3306.96 2986
3307.73 2087
3308.50 1519
3309.27 1031
3310.04 727
3310.81 528
3311.58 500
3312.34 420
3313.11 380
3313.88 437
3314.65 375
3315.42 385
3316.19 400
3316.96 368
3317.73 525
3318.50 677
3319.27 978
3320.04 1519
3320.81 1716
3321.58 1660
3322.35 1544
3323.12 1268
3323.89 885
3324.66 622
3325.43 394
3326.20 288
3326.97 310
3327.74 241
3328.51 162
3329.28 227
3330.06 152
3330.83 218
3331.60 88
3332.37 77
3333.14 111
3333.91 95
3334.68 161
3335.46 160
3336.23 280
3337.00 320
3337.77 225
3338.54 276
3339.31 236
3340.09 266
3340.86 327
3341.63 355
3342.40 482
3343.18 493
3343.95 453
3344.72 373
3345.50 295
3346.27 277
3347.04 227
3347.81 171
3348.59 159
3349.36 148
3350.13 92
3350.91 102
3351.68 160
3352.46 127
3353.23 103
3354.00 223
3354.78 103
3355.55 113
3356.33 121
3357.10 103
3357.87 185
3358.65 187
3359.42 148
3360.20 175
3360.97 140
3361.75 116
3362.52 83
3363.30 130
3364.07 86
3364.85 74
3365.62 105
3366.40 94
3367.17 170
3367.95 202
3368.72 158
3369.50 151
3370.28 155
3371.05 194
3371.83 166
3372.60 259
3373.38 321
3374.16 267
3374.93 297
3375.71 230
3376.49 159
3377.26 162
3378.04 107
3378.82 107
3379.59 131
3380.37 69
3381.15 151
3381.92 53
3382.70 95
3383.48 78
3384.26 123
3385.03 74
3385.81 28
3386.59 71
3387.37 62
3388.14 -7
3388.92 8
3389.70 -13
3390.48 7
3391.26 13
3392.04 -17
3392.81 13
3393.59 15
3394.37 26
3395.15 42
3395.93 -8
3396.71 34
3397.49 -14
3398.27 38
3399.05 60
3399.82 102
3400.60 154
3401.38 115
3402.16 179
3402.94 207
3403.72 233
3404.50 231
3405.28 137
3406.06 160
3406.84 139
3407.62 59
3408.40 66
3409.18 73
3409.96 33
3410.74 36
3411.52 32
3412.31 74
3413.09 39
3413.87 67
3414.65 63
3415.43 25
3416.21 48
3416.99 51
3417.77 48
3418.56 85
3419.34 91
3420.12 78
3420.90 45
3421.68 34
3422.46 66
3423.25 -15
3424.03 25
3424.81 -6
3425.59 9
3426.38 25
3427.16 -17
3427.94 -31
3428.72 4
3429.51 34
3430.29 -13
3431.07 10
3431.85 75
3432.64 58
3433.42 52
3434.20 19
3434.99 54
3435.77 69
3436.56 12
3437.34 12
3438.12 -15
3438.91 -22
3439.69 74
3440.47 40
3441.26 53
3442.04 74
3442.83 54
3443.61 97
3444.40 151
3445.18 95
3445.97 167
3446.75 107
3447.54 166
3448.32 123
3449.11 152
3449.89 75
3450.68 102
3451.46 106
3452.25 17
3453.03 66
3453.82 138
3454.60 31
3455.39 61
3456.18 36
3456.96 12
3457.75 9
3458.53 -39
3459.32 14
3460.11 -59
3460.89 -21
3461.68 1
3462.47 -8
3463.25 22
3464.04 -5
3464.83 23
3465.61 22
3466.40 -26
3467.19 -13
3467.98 -35
3468.76 -10
3469.55 22
3470.34 -34
3471.13 -32
3471.91 -83
3472.70 5
3473.49 -46
3474.28 -36
3475.07 14
3475.85 -53
3476.64 -42
3477.43 -13
3478.22 -11
3479.01 43
3479.80 6
3480.58 -4
3481.37 42
3482.16 13
3482.95 15
3483.74 -27
3484.53 4
3485.32 1
3486.11 3
3486.90 19
3487.69 22
3488.48 43
3489.27 24
3490.06 -16
3490.85 38
3491.64 35
3492.43 35
3493.22 61
3494.01 -7
3494.80 3
3495.59 -7
3496.38 -29
3497.17 -20
3497.96 -7
3498.75 17
3499.54 -25
3500.33 -63
3501.12 -28
3501.92 -54
3502.71 19
3503.50 -63
3504.29 -21
3505.08 -11
3505.87 5
3506.67 -16
3507.46 -3
3508.25 -8
3509.04 -27
3509.83 -63
3510.63 -9
3511.42 -56
3512.21 -7
3513.00 -26
3513.80 -34
3514.59 -63
3515.38 -47
3516.17 -85
3516.97 24
3517.76 9
3518.55 -1
3519.35 -6
3520.14 -23
3520.93 -22
3521.73 -47
3522.52 -15
3523.31 -10
3524.11 -21
3524.90 -11
3525.70 -9
3526.49 -11
3527.29 15
3528.08 5
3528.87 1
3529.67 -53
3530.46 -16
3531.26 34
3532.05 -24
3532.85 -17
3533.64 10
3534.44 46
3535.23 -3
3536.03 2
3536.82 18
3537.62 26
3538.41 15
3539.21 -34
3540.00 -41
3540.80 44
3541.60 11
3542.39 61
3543.19 54
3543.98 34
3544.78 53
3545.58 37
3546.37 81
3547.17 28
3547.97 48
3548.76 72
3549.56 12
3550.36 79
3551.15 -41
3551.95 25
3552.75 37
3553.55 26
3554.34 -13
3555.14 -5
3555.94 62
3556.74 73
3557.53 37
3558.33 78
3559.13 25
3559.93 -7
3560.72 41
3561.52 53
3562.32 106
3563.12 70
3563.92 123
3564.72 160
3565.52 107
3566.31 109
3567.11 101
3567.91 88
3568.71 81
3569.51 90
3570.31 83
3571.11 39
3571.91 87
3572.71 54
3573.51 29
3574.31 94
3575.11 42
3575.91 90
3576.71 67
3577.51 81
3578.31 101
3579.11 73
3579.91 107
3580.71 100
3581.51 116
3582.31 138
3583.11 115
3583.91 147
3584.71 163
3585.51 121
3586.31 169
3587.11 114
3587.91 172
3588.72 179
3589.52 159
3590.32 247
3591.12 221
3591.92 171
3592.72 243
3593.53 259
3594.33 267
3595.13 156
3595.93 179
3596.73 203
3597.54 217
3598.34 191
3599.14 212
3599.94 212
3600.75 189
3601.55 179
3602.35 204
3603.15 237
3603.96 138
3604.76 216
3605.56 224
3606.37 229
3607.17 218
3607.97 292
3608.78 273
3609.58 239
3610.39 262
3611.19 216
3611.99 322
3612.80 307
3613.60 277
3614.41 268
3615.21 307
3616.01 285
3616.82 341
3617.62 296
3618.43 360
3619.23 382
3620.04 329
3620.84 392
3621.65 340
3622.45 325
3623.26 387
3624.06 447
3624.87 378
3625.68 364
3626.48 379
3627.29 397
3628.09 505
3628.90 493
3629.70 547
3630.51 579
3631.32 527
3632.12 617
3632.93 600
3633.74 574
3634.54 574
3635.35 590
3636.16 542
3636.96 534
3637.77 556
3638.58 633
3639.38 575
3640.19 614
3641.00 628
3641.81 616
3642.61 694
3643.42 742
3644.23 740
3645.04 760
3645.84 776
3646.65 901
3647.46 750
3648.27 815
3649.08 842
3649.88 857
3650.69 868
3651.50 868
3652.31 830
3653.12 987
3653.93 1004
3654.74 1059
3655.55 1143
3656.35 1170
3657.16 1267
3657.97 1379
3658.78 1447
3659.59 1366
3660.40 1474
3661.21 1416
3662.02 1488
3662.83 1461
3663.64 1417
3664.45 1419
3665.26 1497
3666.07 1457
3666.88 1601
3667.69 1569
3668.50 1633
3669.31 1676
3670.12 1806
3670.93 2107
3671.74 2543
3672.55 3336
3673.37 4333
3674.18 5598
3674.99 6939
3675.80 8160
3676.61 8653
3677.42 8417
3678.23 7212
3679.05 6204
3679.86 4805
3680.67 3700
3681.48 2942
3682.29 2402
3683.10 2088
3683.92 1821
3684.73 1900
3685.54 1895
3686.35 1893
3687.17 1881
3687.98 2015
3688.79 2223
3689.60 2545
3690.42 3083
3691.23 3451
3692.04 3773
3692.86 3977
3693.67 3778
3694.48 3508
3695.30 2793
3696.11 2307
3696.92 1963
3697.74 1733
3698.55 1473
3699.37 1452
3700.18 1344
3700.99 1194
3701.81 1198
3702.62 1170
3703.44 1161
3704.25 1209
3705.07 1165
3705.88 1276
3706.70 1265
3707.51 1406
3708.33 1568
3709.14 1566
3709.96 1726
3710.77 1649
3711.59 1804
3712.40 1865
3713.22 2188
3714.03 2502
3714.85 2474
3715.66 2277
3716.48 2084
3717.30 1854
3718.11 1666
3718.93 1462
3719.75 1374
3720.56 1282
3721.38 1332
3722.19 1373
3723.01 1549
3723.83 1659
3724.64 1699
3725.46 1687
3726.28 1568
3727.10 1629
3727.91 1580
3728.73 1555
3729.55 1550
3730.36 1554
3731.18 1431
3732.00 1467
3732.82 1405
3733.64 1250
3734.45 1206
3735.27 1216
3736.09 1236
3736.91 1097
3737.73 1127
3738.54 1212
3739.36 1129
3740.18 1196
3741.00 1077
3741.82 1084
3742.64 1041
3743.46 988
3744.28 933
3745.10 785
3745.91 777
3746.73 779
3747.55 818
3748.37 758
3749.19 730
3750.01 815
3750.83 788
3751.65 735
3752.47 818
3753.29 744
3754.11 850
3754.93 691
3755.75 663
3756.57 644
3757.39 610
3758.21 598
3759.03 613
3759.86 513
3760.68 480
3761.50 521
3762.32 457
3763.14 546
3763.96 484
3764.78 565
3765.60 452
3766.43 449
3767.25 505
3768.07 421
3768.89 464
3769.71 446
3770.53 466
3771.36 412
3772.18 406
3773.00 445
3773.82 449
3774.65 401
3775.47 482
3776.29 344
3777.11 418
3777.94 406
3778.76 331
3779.58 372
3780.41 343
3781.23 333
3782.05 332
3782.88 363
3783.70 347
3784.52 325
3785.35 421
3786.17 349
3786.99 328
3787.82 364
3788.64 321
3789.47 364
3790.29 368
3791.11 332
3791.94 368
3792.76 351
3793.59 383
3794.41 333
3795.24 299
3796.06 319
3796.89 321
3797.71 348
3798.54 475
3799.36 489
3800.19 584
3801.01 706
3801.84 808
3802.66 865
3803.49 816
3804.32 734
3805.14 630
3805.97 530
3806.79 446
3807.62 387
3808.45 407
3809.27 314
3810.10 356
3810.93 297
3811.75 254
3812.58 288
3813.41 184
3814.23 247
3815.06 278
3815.89 300
3816.71 325
3817.54 281
3818.37 375
3819.20 304
3820.02 314
3820.85 363
3821.68 356
3822.51 357
3823.33 269
3824.16 331
3824.99 335
3825.82 315
3826.65 333
3827.48 288
3828.30 313
3829.13 323
3829.96 338
3830.79 260
3831.62 302
3832.45 320
3833.28 297
3834.11 275
3834.94 304
3835.77 282
3836.59 242
3837.42 308
3838.25 227
3839.08 278
3839.91 333
3840.74 294
3841.57 305
3842.40 317
3843.23 360
3844.06 241
3844.89 263
3845.72 240
3846.55 251
3847.39 247
3848.22 264
3849.05 282
3849.88 324
3850.71 239
3851.54 212
3852.37 273
3853.20 244
3854.03 214
3854.86 208
3855.70 214
3856.53 176
3857.36 215
3858.19 265
3859.02 313
3859.86 379
3860.69 257
3861.52 367
3862.35 360
3863.18 394
3864.02 552
3864.85 550
3865.68 543
3866.52 578
3867.35 375
3868.18 400
3869.01 330
3869.85 310
3870.68 297
3871.51 194
3872.35 229
3873.18 172
3874.01 181
3874.85 191
3875.68 149
3876.52 232
3877.35 177
3878.18 231
3879.02 268
3879.85 220
3880.69 279
3881.52 283
3882.35 197
3883.19 255
3884.02 164
3884.86 205
3885.69 181
3886.53 168
3887.36 134
3888.20 123
3889.03 143
3889.87 120
3890.71 127
3891.54 121
3892.38 67
3893.21 116
3894.05 91
3894.88 142
3895.72 125
3896.56 85
3897.39 145
3898.23 109
3899.06 151
3899.90 155
3900.74 134
3901.57 145
3902.41 121
3903.25 107
3904.08 111
3904.92 130
3905.76 139
3906.60 102
3907.43 85
3908.27 114
3909.11 134
3909.95 131
3910.78 163
3911.62 110
3912.46 166
3913.30 65
3914.14 110
3914.97 105
3915.81 112
3916.65 160
3917.49 116
3918.33 168
3919.17 123
3920.00 93
3920.84 107
3921.68 73
3922.52 63
3923.36 102
3924.20 129
3925.04 116
3925.88 82
3926.72 109
3927.56 107
3928.40 124
3929.24 117
3930.08 70
3930.92 143
3931.76 102
3932.60 111
3933.44 77
3934.28 46
3935.12 46
3935.96 77
3936.80 61
3937.64 48
3938.48 38
3939.32 59
3940.16 100
3941.00 53
3941.84 61
3942.68 10
3943.53 71
3944.37 24
3945.21 29
3946.05 85
3946.89 57
3947.73 79
3948.58 107
3949.42 115
3950.26 79
3951.10 65
3951.94 75
3952.79 116
3953.63 82
3954.47 88
3955.31 104
3956.16 43
3957.00 13
3957.84 81
3958.68 92
3959.53 75
3960.37 67
3961.21 74
3962.06 51
3962.90 54
3963.74 63
3964.59 90
3965.43 39
3966.28 49
3967.12 45
3967.96 41
3968.81 67
3969.65 15
3970.50 29
3971.34 -23
3972.18 19
3973.03 44
3973.87 57
3974.72 81
3975.56 102
3976.41 34
3977.25 57
3978.10 16
3978.94 35
3979.79 41
3980.63 -15
3981.48 33
3982.33 51
3983.17 65
3984.02 63
3984.86 32
3985.71 88
3986.55 59
3987.40 57
3988.25 25
3989.09 40
3989.94 68
3990.79 73
3991.63 98
3992.48 125
3993.33 0
3994.17 110
3995.02 81
3995.87 50
3996.71 90
3997.56 54
3998.41 73
3999.26 47
4000.10 42
4000.95 31
4001.80 65
4002.65 66
4003.49 37
4004.34 51
4005.19 45
4006.04 11
4006.89 1
4007.74 12
4008.58 43
4009.43 45
4010.28 49
4011.13 65
4011.98 51
4012.83 29
4013.68 47
4014.53 49
4015.38 47
4016.22 28
4017.07 43
4017.92 39
4018.77 34
4019.62 51
4020.47 6
4021.32 21
4022.17 65
4023.02 45
4023.87 59
4024.72 24
4025.57 14
4026.42 86
4027.27 49
4028.12 68
4028.97 38
4029.83 14
4030.68 76
4031.53 39
4032.38 42
4033.23 63
4034.08 62
4034.93 87
4035.78 67
4036.64 75
4037.49 68
4038.34 77
4039.19 51
4040.04 38
4040.89 67
4041.75 56
4042.60 1
4043.45 30
4044.30 25
4045.16 75
4046.01 33
4046.86 40
4047.71 5
4048.57 6
4049.42 51
4050.27 40
4051.13 37
4051.98 64
4052.83 65
4053.69 80
4054.54 51
4055.39 75
4056.25 36
4057.10 36
4057.95 7
4058.81 -12
4059.66 24
4060.52 38
4061.37 24
4062.22 44
4063.08 49
4063.93 11
4064.79 32
4065.64 39
4066.50 66
4067.35 17
4068.21 13
4069.06 76
4069.92 59
4070.77 61
4071.63 61
4072.48 82
4073.34 83
4074.19 51
4075.05 72
4075.91 68
4076.76 34
4077.62 68
4078.47 45
4079.33 85
4080.19 90
4081.04 71
4081.90 93
4082.76 83
4083.61 104
4084.47 70
4085.33 108
4086.18 114
4087.04 92
4087.90 55
4088.75 28
4089.61 31
4090.47 27
4091.33 17
4092.18 33
4093.04 26
4093.90 42
4094.76 49
4095.62 3
4096.47 45
4097.33 28
4098.19 6
4099.05 40
4099.91 26
4100.77 25
4101.62 14
4102.48 23
4103.34 45
4104.20 32
4105.06 49
4105.92 36
4106.78 51
4107.64 33
4108.50 -2
4109.36 31
4110.21 15
4111.07 3
4111.93 41
4112.79 27
4113.65 60
4114.51 49
4115.37 21
4116.23 63
4117.09 20
4117.95 88
4118.82 16
4119.68 38
4120.54 25
4121.40 25
4122.26 47
4123.12 34
4123.98 38
4124.84 34
4125.70 19
4126.56 -13
4127.43 -4
4128.29 35
4129.15 29
4130.01 24
4130.87 30
4131.73 29
4132.60 49
4133.46 16
4134.32 35
4135.18 59
4136.04 16
4136.91 18
4137.77 12
4138.63 11
4139.49 45
4140.36 62
4141.22 0
4142.08 31
4142.95 2
4143.81 11
4144.67 39
4145.54 24
4146.40 55
4147.26 -12
4148.13 49
4148.99 55
4149.85 51
4150.72 4
4151.58 -4
4152.45 34
4153.31 16
4154.18 22
4155.04 -3
4155.90 -13
4156.77 58
4157.63 29
4158.50 39
4159.36 27
4160.23 19
4161.09 4
4161.96 9
4162.82 24
4163.69 42
4164.55 1
4165.42 19
4166.28 50
4167.15 31
4168.02 42
4168.88 21
4169.75 8
4170.61 -11
4171.48 -7
4172.35 3
4173.21 -63
4174.08 -22
4174.95 -9
4175.81 -30
4176.68 30
4177.55 27
4178.41 -27
4179.28 -18
4180.15 13
4181.01 13
4181.88 13
4182.75 37
4183.62 16
4184.48 23
4185.35 23
4186.22 23
4187.09 19
4187.96 14
4188.82 -35
4189.69 13
4190.56 -21
4191.43 25
4192.30 10
4193.16 13
4194.03 -15
4194.90 17
4195.77 22
4196.64 12
4197.51 -3
4198.38 31
4199.25 9
4200.12 35
4200.99 -19
4201.86 6
4202.72 4
4203.59 -10
4204.46 17
4205.33 -24
4206.20 -10
4207.07 15
4207.94 -40
4208.81 -30
4209.68 -15
4210.55 -19
4211.43 -11
4212.30 33
4213.17 5
4214.04 -18
4214.91 34
4215.78 37
4216.65 -25
4217.52 35
4218.39 -31
4219.26 15
4220.13 8
4221.01 -44
4221.88 -19
4222.75 -22
4223.62 -33
4224.49 11
4225.37 7
4226.24 -3
4227.11 -14
4227.98 -5
4228.85 25
4229.73 -5
4230.60 43
4231.47 44
4232.34 32
4233.22 16
4234.09 -42
4234.96 -11
4235.84 -29
4236.71 30
4237.58 38
4238.46 -22
4239.33 6
4240.20 8
4241.08 -5
4241.95 7
4242.82 -20
4243.70 3
4244.57 28
4245.45 2
4246.32 -2
4247.19 4
4248.07 11
4248.94 -26
4249.82 -12
4250.69 13
4251.57 -28
4252.44 10
4253.32 16
4254.19 10
4255.07 22
4255.94 -36
4256.82 1
4257.69 9
4258.57 -10
4259.44 37
4260.32 19
4261.20 13
4262.07 -9
4262.95 42
4263.82 48
4264.70 32
4265.58 21
4266.45 -15
4267.33 76
4268.21 -4
4269.08 8
4269.96 19
4270.84 -1
4271.71 -13
4272.59 9
4273.47 22
4274.34 24
4275.22 3
4276.10 29
4276.98 40
4277.85 19
4278.73 1
4279.61 30
4280.49 -8
4281.36 41
4282.24 24
4283.12 38
4284.00 49
4284.88 79
4285.76 109
4286.63 55
4287.51 13
4288.39 39
4289.27 19
4290.15 12
4291.03 17
4291.91 9
4292.79 -22
4293.67 -1
4294.55 19
4295.42 -12
4296.30 1
4297.18 18
4298.06 22
4298.94 17
4299.82 20
4300.70 36
4301.58 43
4302.46 26
4303.34 15
4304.22 4
4305.10 15
4305.99 11
4306.87 -10
4307.75 27
4308.63 5
4309.51 21
4310.39 9
4311.27 -32
4312.15 12
4313.03 -21
4313.91 -15
4314.80 23
4315.68 -14
4316.56 -4
4317.44 48
4318.32 -5
4319.20 37
4320.09 7
4320.97 19
4321.85 -0
4322.73 28
4323.62 33
4324.50 13
4325.38 21
4326.26 22
4327.15 19
4328.03 19
4328.91 28
4329.80 37
4330.68 26
4331.56 14
4332.45 -1
4333.33 38
4334.21 -3
4335.10 14
4335.98 11
4336.86 -14
4337.75 51
4338.63 -17
4339.52 2
4340.40 46
4341.28 5
4342.17 -9
4343.05 -38
4343.94 8
4344.82 -4
4345.71 -10
4346.59 11
4347.48 28
4348.36 -15
4349.25 10
4350.13 18
4351.02 11
4351.90 11
4352.79 -26
4353.67 23
4354.56 4
4355.45 -4
4356.33 1
4357.22 8
4358.10 33
4358.99 -12
4359.88 8
4360.76 31
4361.65 23
4362.54 46
4363.42 12
4364.31 10
4365.20 29
4366.08 33
4366.97 -10
4367.86 -7
4368.74 -2
4369.63 15
4370.52 -10
4371.41 26
4372.29 41
4373.18 23
4374.07 21
4374.96 -2
4375.85 16
4376.73 38
4377.62 50
4378.51 16
4379.40 26
4380.29 55
4381.18 56
4382.06 47
4382.95 37
4383.84 56
4384.73 62
4385.62 50
4386.51 65
4387.40 82
4388.29 57
4389.18 77
4390.07 64
4390.96 28
4391.84 59
4392.73 56
4393.62 112
4394.51 40
4395.40 62
4396.29 79
4397.18 80
4398.08 90
4398.97 101
4399.86 106
4400.75 82
4401.64 58
4402.53 92
4403.42 38
4404.31 68
4405.20 96
4406.09 98
4406.98 124
4407.87 121
4408.77 163
4409.66 222
4410.55 226
4411.44 237
4412.33 130
4413.22 120
4414.12 139
4415.01 113
4415.90 95
4416.79 116
4417.69 105
4418.58 86
4419.47 80
4420.36 176
4421.26 121
4422.15 142
4423.04 230
4423.93 215
4424.83 318
4425.72 450
4426.61 619
4427.51 810
4428.40 820
4429.29 850
4430.19 735
4431.08 576
4431.98 416
4432.87 306
4433.76 272
4434.66 197
4435.55 168
4436.45 154
4437.34 135
4438.24 147
4439.13 132
4440.03 161
4440.92 183
4441.82 164
4442.71 168
4443.61 252
4444.50 286
4445.40 317
4446.29 261
4447.19 257
4448.08 138
4448.98 143
4449.87 155
4450.77 127
4451.67 87
4452.56 108
4453.46 82
4454.35 86
4455.25 38
4456.15 55
4457.04 41
4457.94 80
4458.84 78
4459.73 50
4460.63 87
4461.53 46
4462.42 93
4463.32 126
4464.22 114
4465.12 200
4466.01 137
4466.91 187
4467.81 144
4468.71 127
4469.60 101
4470.50 111
4471.40 88
4472.30 95
4473.20 60
4474.09 86
4474.99 44
4475.89 44
4476.79 62
4477.69 63
4478.59 79
4479.49 60
4480.39 94
4481.28 105
4482.18 55
4483.08 92
4483.98 83
4484.88 122
4485.78 81
4486.68 97
4487.58 86
4488.48 101
4489.38 81
4490.28 77
4491.18 60
4492.08 99
4492.98 121
4493.88 123
4494.78 148
4495.68 73
4496.58 85
4497.48 67
4498.38 84
4499.28 162
4500.19 76
4501.09 101
4501.99 89
4502.89 59
4503.79 121
4504.69 113
4505.59 129
4506.50 76
4507.40 128
4508.30 122
4509.20 106
4510.10 94
4511.01 109
4511.91 83
4512.81 125
4513.71 91
4514.61 91
4515.52 111
4516.42 133
4517.32 142
4518.23 115
4519.13 143
4520.03 107
4520.94 120
4521.84 130
4522.74 115
4523.65 124
4524.55 119
4525.45 149
4526.36 176
4527.26 183
4528.16 183
4529.07 167
4529.97 152
4530.88 182
4531.78 162
4532.68 179
4533.59 177
4534.49 138
4535.40 138
4536.30 170
4537.21 175
4538.11 190
4539.02 197
4539.92 242
4540.83 245
4541.73 259
4542.64 330
4543.55 354
4544.45 371
4545.36 319
4546.26 465
4547.17 363
4548.07 307
4548.98 281
4549.89 281
4550.79 302
4551.70 227
4552.61 243
4553.51 328
4554.42 318
4555.33 349
4556.23 364
4557.14 452
4558.05 665
4558.95 788
4559.86 1091
4560.77 1305
4561.68 1548
4562.58 1676
4563.49 1749
4564.40 1677
4565.31 1501
4566.21 1300
4567.12 987
4568.03 728
4568.94 582
4569.85 454
4570.75 374
4571.66 405
4572.57 331
4573.48 371
4574.39 342
4575.30 362
4576.21 306
4577.12 350
4578.03 412
4578.93 360
4579.84 360
4580.75 261
4581.66 286
4582.57 265
4583.48 252
4584.39 249
4585.30 256
4586.21 214
4587.12 261
4588.03 196
4588.94 212
4589.85 229
4590.76 209
4591.67 268
4592.58 276
4593.49 271
4594.41 386
4595.32 305
4596.23 367
4597.14 347
4598.05 337
4598.96 408
4599.87 429
4600.78 461
4601.70 427
4602.61 441
4603.52 380
4604.43 344
4605.34 324
4606.25 302
4607.17 242
4608.08 230
4608.99 249
4609.90 281
4610.82 279
4611.73 337
4612.64 277
4613.55 281
4614.47 272
4615.38 226
4616.29 204
4617.21 226
4618.12 186
4619.03 240
4619.95 206
4620.86 216
4621.77 221
4622.69 234
4623.60 249
4624.51 229
4625.43 216
4626.34 261
4627.26 242
4628.17 303
4629.09 232
4630.00 236
4630.91 219
4631.83 185
4632.74 179
4633.66 185
4634.57 186
4635.49 182
4636.40 124
4637.32 185
4638.23 166
4639.15 144
4640.07 165
4640.98 195
4641.90 158
4642.81 137
4643.73 157
4644.64 193
4645.56 123
4646.48 135
4647.39 142
4648.31 155
4649.23 147
4650.14 122
4651.06 170
4651.98 120
4652.89 183
4653.81 180
4654.73 148
4655.64 177
4656.56 140
4657.48 130
4658.40 149
4659.31 87
4660.23 155
4661.15 149
4662.07 112
4662.98 138
4663.90 114
4664.82 144
4665.74 154
4666.66 158
4667.58 226
4668.49 199
4669.41 254
4670.33 326
4671.25 410
4672.17 375
4673.09 317
4674.01 255
4674.93 254
4675.84 262
4676.76 168
4677.68 127
4678.60 146
4679.52 147
4680.44 173
4681.36 139
4682.28 172
4683.20 176
4684.12 206
4685.04 248
4685.96 281
4686.88 301
4687.80 343
4688.72 255
4689.64 237
4690.56 256
4691.49 190
4692.41 193
4693.33 120
4694.25 136
4695.17 86
4696.09 112
4697.01 80
4697.93 115
4698.86 129
4699.78 137
4700.70 119
4701.62 106
4702.54 114
4703.46 128
4704.39 146
4705.31 115
4706.23 134
4707.15 140
4708.08 128
4709.00 99
4709.92 158
4710.84 176
4711.77 153
4712.69 187
4713.61 158
4714.54 135
4715.46 133
4716.38 177
4717.31 177
4718.23 214
4719.15 217
4720.08 283
4721.00 271
4721.92 264
4722.85 270
4723.77 214
4724.70 206
4725.62 159
4726.55 124
4727.47 188
4728.39 147
4729.32 146
4730.24 143
4731.17 150
4732.09 157
4733.02 133
4733.94 150
4734.87 167
4735.79 128
4736.72 172
4737.65 121
4738.57 120
4739.50 123
4740.42 107
4741.35 130
4742.27 107
4743.20 138
4744.13 80
4745.05 103
4745.98 112
4746.91 140
4747.83 156
4748.76 124
4749.69 145
4750.61 113
4751.54 144
4752.47 163
4753.39 123
4754.32 121
4755.25 128
4756.18 85
4757.10 109
4758.03 110
4758.96 94
4759.89 125
4760.81 79
4761.74 42
4762.67 68
4763.60 45
4764.53 75
4765.46 32
4766.38 40
4767.31 50
4768.24 72
4769.17 83
4770.10 66
4771.03 84
4771.96 49
4772.89 92
4773.82 34
4774.74 39
4775.67 102
4776.60 6
4777.53 22
4778.46 51
4779.39 46
4780.32 43
4781.25 51
4782.18 45
4783.11 74
4784.04 26
4784.97 54
4785.90 38
4786.83 38
4787.76 52
4788.70 40
4789.63 65
4790.56 25
4791.49 37
4792.42 34
4793.35 -9
4794.28 33
4795.21 70
4796.14 11
4797.08 18
4798.01 -21
4798.94 21
4799.87 47
4800.80 29
4801.74 76
4802.67 65
4803.60 23
4804.53 34
4805.46 52
4806.40 45
4807.33 24
4808.26 15
4809.20 23
4810.13 8
4811.06 7
4811.99 11
4812.93 43
4813.86 29
4814.79 28
4815.73 37
4816.66 36
4817.59 66
4818.53 19
4819.46 29
4820.40 45
4821.33 40
4822.26 66
4823.20 12
4824.13 26
4825.07 28
4826.00 11
4826.94 12
4827.87 12
4828.81 34
4829.74 12
4830.68 1
4831.61 76
4832.55 47
4833.48 28
4834.42 3
4835.35 25
4836.29 58
4837.22 47
4838.16 33
4839.10 28
4840.03 59
4840.97 52
4841.90 10
4842.84 34
4843.78 22
4844.71 25
4845.65 22
4846.59 7
4847.52 20
4848.46 23
4849.40 -1
4850.33 48
4851.27 55
4852.21 55
4853.14 73
4854.08 36
4855.02 14
4855.96 -2
4856.89 10
4857.83 42
4858.77 6
4859.71 -2
4860.65 -34
4861.58 -20
4862.52 -3
4863.46 32
4864.40 46
4865.34 32
4866.28 33
4867.21 24
4868.15 -4
4869.09 68
4870.03 22
4870.97 14
4871.91 15
4872.85 47
4873.79 29
4874.73 20
4875.67 -4
4876.61 27
4877.55 14
4878.49 17
4879.43 -12
4880.37 27
4881.31 8
4882.25 7
4883.19 30
4884.13 0
4885.07 14
4886.01 25
4886.95 -24
4887.89 21
4888.83 -7
4889.77 7
4890.71 9
4891.65 -19
4892.59 11
4893.54 -11
4894.48 19
4895.42 -2
4896.36 1
4897.30 9
4898.24 12
4899.19 -23
4900.13 12
4901.07 -3
4902.01 -7
4902.95 -4
4903.90 17
4904.84 25
4905.78 23
4906.72 20
4907.67 -14
4908.61 2
4909.55 1
4910.50 -4
4911.44 4
4912.38 -1
4913.33 9
4914.27 -9
4915.21 17
4916.16 25
4917.10 31
4918.04 35
4918.99 8
4919.93 -19
4920.88 8
4921.82 -26
4922.76 25
4923.71 31
4924.65 4
4925.60 22
4926.54 -16
4927.49 11
4928.43 34
4929.38 11
4930.32 -2
4931.27 -6
4932.21 16
4933.16 -3
4934.10 -9
4935.05 6
4935.99 -20
4936.94 -24
4937.89 15
4938.83 8
4939.78 -22
4940.72 -39
4941.67 -43
4942.62 1
4943.56 -2
4944.51 3
4945.46 -39
4946.40 -43
4947.35 -14
4948.30 -19
4949.24 26
4950.19 -18
4951.14 19
4952.08 11
4953.03 8
4953.98 23
4954.93 -29
4955.87 -10
4956.82 -38
4957.77 -31
4958.72 -8
4959.67 -12
4960.61 -9
4961.56 -9
4962.51 -25
4963.46 -20
4964.41 -41
4965.36 6
4966.30 21
4967.25 -23
4968.20 -8
4969.15 2
4970.10 -34
4971.05 -6
4972.00 14
4972.95 -15
4973.90 -28
4974.85 -11
4975.80 -19
4976.75 3
4977.70 -36
4978.64 29
4979.59 -1
4980.54 -5
4981.50 -18
4982.45 -17
4983.40 -17
4984.35 8
4985.30 -1
4986.25 -20
4987.20 18
4988.15 7
4989.10 -16
4990.05 10
4991.00 -20
4991.95 -3
4992.90 13
4993.86 11
4994.81 38
4995.76 -9
4996.71 6
4997.66 3
4998.61 -14
4999.57 -5
5000.52 -22
5001.47 -8
5002.42 6
5003.38 8
5004.33 33
5005.28 12
5006.23 32
5007.19 -14
5008.14 30
5009.09 20
5010.04 55
5011.00 45
5011.95 1
5012.90 24
5013.86 36
5014.81 25
5015.76 75
5016.72 23
5017.67 26
5018.63 28
5019.58 0
5020.53 7
5021.49 39
5022.44 -6
5023.40 12
5024.35 14
5025.31 43
5026.26 45
5027.21 61
5028.17 41
5029.12 31
5030.08 44
5031.03 35
5031.99 90
5032.95 71
5033.90 18
5034.86 45
5035.81 22
5036.77 -1
5037.72 12
5038.68 31
5039.63 47
5040.59 18
5041.55 53
5042.50 51
5043.46 68
5044.42 97
5045.37 82
5046.33 66
5047.29 68
5048.24 84
5049.20 87
5050.16 94
5051.11 91
5052.07 100
5053.03 53
5053.99 75
5054.94 98
5055.90 78
5056.86 71
5057.82 93
5058.77 97
5059.73 63
5060.69 85
5061.65 113
5062.61 95
5063.56 62
5064.52 76
5065.48 114
5066.44 96
5067.40 82
5068.36 95
5069.32 80
5070.28 80
5071.24 103
5072.19 81
5073.15 124
5074.11 93
5075.07 125
5076.03 117
5076.99 125
5077.95 171
5078.91 143
5079.87 99
5080.83 179
5081.79 103
5082.75 142
5083.71 133
5084.67 124
5085.63 158
5086.59 117
5087.55 191
5088.52 137
5089.48 159
5090.44 179
5091.40 175
5092.36 185
5093.32 108
5094.28 199
5095.24 179
5096.21 224
5097.17 246
5098.13 282
5099.09 281
5100.05 324
5101.01 395
5101.98 466
5102.94 449
5103.90 455
5104.86 414
5105.83 349
5106.79 358
5107.75 273
5108.71 262
5109.68 267
5110.64 215
5111.60 197
5112.57 226
5113.53 179
5114.49 241
5115.46 188
5116.42 297
5117.38 255
5118.35 293
5119.31 261
5120.28 256
5121.24 243
5122.20 198
5123.17 176
5124.13 131
5125.10 126
5126.06 128
5127.03 122
5127.99 161
5128.96 178
5129.92 196
5130.89 212
5131.85 151
5132.82 159
5133.78 220
5134.75 180
5135.71 238
5136.68 182
5137.64 232
5138.61 192
5139.58 189
5140.54 187
5141.51 172
5142.47 182
5143.44 146
5144.41 117
5145.37 149
5146.34 171
5147.31 157
5148.27 181
5149.24 175
5150.21 139
5151.17 128
5152.14 156
5153.11 173
5154.07 193
5155.04 203
5156.01 128
5156.98 147
5157.94 156
5158.91 154
5159.88 147
5160.85 165
5161.82 184
5162.78 159
5163.75 163
5164.72 178
5165.69 155
5166.66 163
5167.63 213
5168.60 168
5169.56 156
5170.53 131
5171.50 143
5172.47 169
5173.44 158
5174.41 133
5175.38 112
5176.35 125
5177.32 161
5178.29 156
5179.26 161
5180.23 105
5181.20 182
5182.17 164
5183.14 76
5184.11 148
5185.08 166
5186.05 161
5187.02 141
5187.99 138
5188.96 132
5189.93 105
5190.90 136
5191.87 179
5192.84 166
5193.82 145
5194.79 118
5195.76 159
5196.73 167
5197.70 168
5198.67 156
5199.65 130
5200.62 171
5201.59 173
5202.56 220
5203.53 327
5204.51 427
5205.48 523
5206.45 714
5207.42 914
5208.40 1069
5209.37 1155
5210.34 1135
5211.31 1212
5212.29 1175
5213.26 1135
5214.23 842
5215.21 712
5216.18 575
5217.15 461
5218.13 406
5219.10 331
5220.07 341
5221.05 295
5222.02 252
5223.00 265
5223.97 269
5224.95 237
5225.92 220
5226.89 210
5227.87 202
5228.84 174
5229.82 151
5230.79 164
5231.77 139
5232.74 139
5233.72 130
5234.69 85
5235.67 158
5236.64 136
5237.62 164
5238.60 112
5239.57 179
5240.55 172
5241.52 202
5242.50 243
5243.47 215
5244.45 283
5245.43 225
5246.40 249
5247.38 220
5248.36 237
5249.33 244
5250.31 219
5251.29 155
5252.26 157
5253.24 160
5254.22 135
5255.20 174
5256.17 165
5257.15 178
5258.13 177
5259.10 163
5260.08 114
5261.06 133
5262.04 158
5263.02 124
5263.99 96
5264.97 66
5265.95 85
5266.93 83
5267.91 100
5268.89 100
5269.86 107
5270.84 87
5271.82 64
5272.80 88
5273.78 128
5274.76 93
5275.74 74
5276.72 104
5277.70 105
5278.68 62
5279.66 82
5280.64 59
5281.62 78
5282.60 85
5283.58 68
5284.56 85
5285.54 44
5286.52 35
5287.50 54
5288.48 35
5289.46 72
5290.44 43
5291.42 94
5292.40 80
5293.38 35
5294.36 64
5295.34 19
5296.33 34
5297.31 59
5298.29 14
5299.27 68
5300.25 33
5301.23 65
5302.21 9
5303.20 62
5304.18 47
5305.16 44
5306.14 46
5307.13 12
5308.11 35
5309.09 43
5310.07 29
5311.06 52
5312.04 22
5313.02 37
5314.00 56
5314.99 -2
5315.97 44
5316.95 36
5317.94 -9
5318.92 70
5319.90 18
5320.89 44
5321.87 -10
5322.85 8
5323.84 44
5324.82 43
5325.81 6
5326.79 12
5327.78 1
5328.76 7
5329.74 33
5330.73 24
5331.71 35
5332.70 17
5333.68 37
5334.67 -6
5335.65 31
5336.64 -8
5337.62 22
5338.61 11
5339.59 6
5340.58 29
5341.57 31
5342.55 -28
5343.54 26
5344.52 -1
5345.51 27
5346.50 5
5347.48 9
5348.47 24
5349.45 -7
5350.44 8
5351.43 -9
5352.41 4
5353.40 -11
5354.39 20
5355.38 34
5356.36 32
5357.35 63
5358.34 47
5359.32 17
5360.31 39
5361.30 18
5362.29 40
5363.27 28
5364.26 24
5365.25 22
5366.24 30
5367.23 39
5368.21 9
5369.20 -6
5370.19 15
5371.18 -3
5372.17 -7
5373.16 15
5374.15 -18
5375.14 23
5376.12 -37
5377.11 -15
5378.10 -6
5379.09 10
5380.08 12
5381.07 -49
5382.06 -33
5383.05 17
5384.04 -16
5385.03 -9
5386.02 -18
5387.01 10
5388.00 13
5388.99 -23
5389.98 4
5390.97 13
5391.96 19
5392.95 9
5393.94 1
5394.93 16
5395.92 40
5396.92 10
5397.91 13
5398.90 -8
5399.89 9
5400.88 19
5401.87 -2
5402.86 40
5403.86 6
5404.85 24
5405.84 16
5406.83 5
5407.82 7
5408.82 -35
5409.81 0
5410.80 -16
5411.79 -9
5412.78 14
5413.78 -50
5414.77 -15
5415.76 9
5416.76 -4
5417.75 12
5418.74 -12
5419.74 4
5420.73 -17
5421.72 13
5422.72 16
5423.71 -4
5424.70 18
5425.70 35
5426.69 -9
5427.68 0
5428.68 8
5429.67 25
5430.67 28
5431.66 46
5432.66 28
5433.65 -6
5434.65 53
5435.64 43
5436.63 22
5437.63 46
5438.62 59
5439.62 33
5440.62 47
5441.61 28
5442.61 36
5443.60 -12
5444.60 22
5445.59 18
5446.59 40
5447.58 60
5448.58 22
5449.58 40
5450.57 4
5451.57 74
5452.57 32
5453.56 1
5454.56 48
5455.56 47
5456.55 11
5457.55 64
5458.55 58
5459.54 97
5460.54 68
5461.54 125
5462.53 116
5463.53 159
5464.53 222
5465.53 172
5466.53 187
5467.52 204
5468.52 186
5469.52 208
5470.52 164
5471.52 141
5472.51 104
5473.51 113
5474.51 105
5475.51 65
5476.51 80
5477.51 100
5478.51 121
5479.50 135
5480.50 121
5481.50 145
5482.50 173
5483.50 127
5484.50 185
5485.50 172
5486.50 158
5487.50 91
5488.50 112
5489.50 101
5490.50 67
5491.50 44
5492.50 74
5493.50 53
5494.50 81
5495.50 48
5496.50 63
5497.50 84
5498.50 66
5499.50 82
5500.51 47
5501.51 71
5502.51 72
5503.51 60
5504.51 75
5505.51 39
5506.51 55
5507.52 52
5508.52 34
5509.52 69
5510.52 76
5511.52 74
5512.52 48
5513.53 53
5514.53 45
5515.53 42
5516.53 43
5517.54 72
5518.54 47
5519.54 49
5520.55 39
5521.55 61
5522.55 46
5523.56 52
5524.56 68
5525.56 68
5526.57 52
5527.57 77
5528.57 12
5529.58 67
5530.58 62
5531.58 63
5532.59 54
5533.59 21
5534.60 38
5535.60 51
5536.61 39
5537.61 18
5538.61 19
5539.62 30
5540.62 32
5541.63 56
5542.63 33
5543.64 38
5544.64 52
5545.65 33
5546.66 36
5547.66 45
5548.67 25
5549.67 49
5550.68 42
5551.68 11
5552.69 21
5553.70 20
5554.70 34
5555.71 3
5556.72 13
5557.72 20
5558.73 9
5559.73 -7
5560.74 15
5561.75 6
5562.76 16
5563.76 -6
5564.77 51
5565.78 43
5566.78 19
5567.79 31
5568.80 29
5569.81 19
5570.81 2
5571.82 9
5572.83 19
5573.84 22
5574.85 4
5575.85 27
5576.86 16
5577.87 -5
5578.88 18
5579.89 7
5580.90 11
5581.91 7
5582.92 14
5583.92 -9
5584.93 28
5585.94 15
5586.95 -6
5587.96 20
5588.97 40
5589.98 18
5590.99 19
5592.00 15
5593.01 25
5594.02 8
5595.03 44
5596.04 11
5597.05 21
5598.06 0
5599.07 -11
5600.08 22
5601.09 25
5602.10 14
5603.11 -4
5604.12 -9
5605.14 23
5606.15 32
5607.16 1
5608.17 15
5609.18 -5
5610.19 9
5611.20 17
5612.21 7
5613.23 17
5614.24 1
5615.25 45
5616.26 -3
5617.27 -3
5618.29 11
5619.30 23
5620.31 9
5621.32 6
5622.34 -2
5623.35 38
5624.36 0
5625.38 -2
5626.39 13
5627.40 37
5628.42 6
5629.43 4
5630.44 43
5631.46 41
5632.47 1
5633.48 -10
5634.50 11
5635.51 -5
5636.52 18
5637.54 12
5638.55 8
5639.57 24
5640.58 49
5641.60 24
5642.61 19
5643.63 25
5644.64 5
5645.65 29
5646.67 11
5647.68 16
5648.70 -1
5649.72 -27
5650.73 4
5651.75 -3
5652.76 2
5653.78 14
5654.79 18
5655.81 3
5656.82 3
5657.84 -3
5658.86 13
5659.87 10
5660.89 -3
5661.91 4
5662.92 31
5663.94 4
5664.96 -9
5665.97 8
5666.99 7
5668.01 0
5669.02 18
5670.04 -5
5671.06 15
5672.08 -7
5673.09 15
5674.11 8
5675.13 19
5676.15 -5
5677.16 14
5678.18 26
5679.20 31
5680.22 28
5681.24 21
5682.25 0
5683.27 0
5684.29 -9
5685.31 3
5686.33 26
5687.35 -10
5688.37 22
5689.39 1
5690.40 18
5691.42 26
5692.44 -2
5693.46 11
5694.48 15
5695.50 -8
5696.52 39
5697.54 24
5698.56 28
5699.58 20
5700.60 -4
5701.62 19
5702.64 9
5703.66 15
5704.68 37
5705.70 15
5706.72 32
5707.74 20
5708.76 29
5709.79 29
5710.81 29
5711.83 11
5712.85 -1
5713.87 9
5714.89 14
5715.91 14
5716.94 13
5717.96 13
5718.98 20
5720.00 17
5721.02 4
5722.04 27
5723.07 -2
5724.09 8
5725.11 1
5726.13 0
5727.16 -6
5728.18 -15
5729.20 -10
5730.23 17
5731.25 -5
5732.27 -3
5733.29 -2
5734.32 3
5735.34 14
5736.36 9
5737.39 20
5738.41 -33
5739.44 -4
5740.46 2
5741.48 -9
5742.51 -9
5743.53 -15
5744.56 -14
5745.58 17
5746.60 3
5747.63 2
5748.65 17
5749.68 8
5750.70 12
5751.73 -11
5752.75 5
5753.78 -5
5754.80 -17
5755.83 -9
5756.85 -10
5757.88 -7
5758.91 -13
5759.93 -16
5760.96 3
5761.98 -10
5763.01 7
5764.03 2
5765.06 24
5766.09 19
5767.11 3
5768.14 -2
5769.17 -20
5770.19 -10
5771.22 25
5772.25 1
5773.27 33
5774.30 18
5775.33 -10
5776.35 14
5777.38 15
5778.41 19
5779.44 -5
5780.46 -31
5781.49 21
5782.52 -19
5783.55 -5
5784.58 -18
5785.60 10
5786.63 -18
5787.66 -8
5788.69 3
5789.72 -21
5790.75 5
5791.77 -6
5792.80 3
5793.83 11
5794.86 -20
5795.89 0
5796.92 -10
5797.95 1
5798.98 11
5800.01 -15
5801.04 12
5802.07 -4
5803.10 0
5804.13 23
5805.16 10
5806.19 -20
5807.22 6
5808.25 1
5809.28 32
5810.31 -11
5811.34 -5
5812.37 8
5813.40 7
5814.43 27
5815.46 -21
5816.49 35
5817.52 17
5818.55 -12
5819.59 13
5820.62 -13
5821.65 -5
5822.68 24
5823.71 -23
5824.74 20
5825.78 9
5826.81 28
5827.84 -3
5828.87 -6
5829.90 -2
5830.94 -5
5831.97 -9
5833.00 -1
5834.03 -1
5835.07 12
5836.10 14
5837.13 21
5838.17 12
5839.20 20
5840.23 2
5841.27 2
5842.30 -26
5843.33 6
5844.37 4
5845.40 12
5846.43 7
5847.47 13
5848.50 3
5849.54 29
5850.57 22
5851.60 9
5852.64 17
5853.67 17
5854.71 23
5855.74 30
5856.78 37
5857.81 24
5858.85 28
5859.88 30
5860.92 63
5861.95 54
5862.99 50
5864.02 33
5865.06 19
5866.09 27
5867.13 26
5868.17 30
5869.20 20
5870.24 32
5871.27 31
5872.31 15
5873.35 7
5874.38 19
5875.42 34
5876.46 25
5877.49 57
5878.53 41
5879.57 40
5880.60 20
5881.64 31
5882.68 50
5883.72 44
5884.75 54
5885.79 55
5886.83 84
5887.87 63
5888.90 26
5889.94 29
5890.98 41
5892.02 63
5893.06 83
5894.09 90
5895.13 73
5896.17 96
5897.21 144
5898.25 149
5899.29 114
5900.33 137
5901.36 144
5902.40 203
5903.44 168
5904.48 213
5905.52 243
5906.56 286
5907.60 370
5908.64 375
5909.68 488
5910.72 554
5911.76 609
5912.80 732
5913.84 830
5914.88 741
5915.92 664
5916.96 526
5918.00 476
5919.04 365
5920.08 296
5921.12 293
5922.16 238
5923.20 240
5924.25 222
5925.29 234
5926.33 242
5927.37 213
5928.41 212
5929.45 205
5930.49 267
5931.54 205
5932.58 178
5933.62 205
5934.66 198
5935.70 219
5936.75 204
5937.79 180
5938.83 181
5939.87 220
5940.92 166
5941.96 183
5943.00 198
5944.04 180
5945.09 163
5946.13 184
5947.17 177
5948.22 134
5949.26 152
5950.30 151
5951.35 192
5952.39 179
5953.44 119
5954.48 172
5955.52 137
5956.57 140
5957.61 143
5958.66 130
5959.70 102
5960.74 101
5961.79 150
5962.83 111
5963.88 58
5964.92 100
5965.97 129
5967.01 106
5968.06 74
5969.10 81
5970.15 121
5971.20 93
5972.24 90
5973.29 79
5974.33 45
5975.38 80
5976.42 30
5977.47 85
5978.52 87
5979.56 72
5980.61 77
5981.65 51
5982.70 64
5983.75 75
5984.79 54
5985.84 55
5986.89 64
5987.94 49
5988.98 63
5990.03 34
5991.08 55
5992.12 54
5993.17 29
5994.22 46
5995.27 57
5996.32 54
5997.36 57
5998.41 64
5999.46 77
6000.51 74
6001.56 51
6002.60 53
6003.65 89
6004.70 100
6005.75 87
6006.80 56
6007.85 45
6008.90 43
6009.95 67
6010.99 35
6012.04 71
6013.09 29
6014.14 40
6015.19 59
6016.24 44
6017.29 38
6018.34 20
6019.39 48
6020.44 35
6021.49 11
6022.54 30
6023.59 42